local vec3 = require("vec3")
local mat3 = require("mat3")

return {
  {vec3.new(0, -10, 0), mat3.new(1, 0, 0, 0, 1, 0, 0, 0, 1), vec3.new(512, 20, 512), vec3.new(0.38823530077934, 0.37254902720451, 0.38431373238564)},
  {vec3.new(0, 0, 0), mat3.new(1, 0, 0, 0, 1, 0, 0, 0, 1), vec3.new(2044, 252, 2044), vec3.new(0.63921570777893, 0.63529413938522, 0.64705884456635)},
  {vec3.new(5.7603769302368, 27.303646087646, 49.107452392578), mat3.new(0.70424997806549, 0.095441818237305, 0.70350778102875, 0.42537921667099, 0.73663145303726, -0.525763630867, -0.5684055685997, 0.66952669620514, 0.47817322611809), vec3.new(2.6801059246063, 0.40000000596046, 5.383442401886), vec3.new(0.15686275064945, 0.49803921580315, 0.27843138575554)},
  {vec3.new(4.83331823349, 27.303615570068, 49.284191131592), mat3.new(0.86400139331818, 0.15753948688507, -0.47820860147476, -0.42533239722252, 0.73663866519928, -0.52579164505005, 0.26943364739418, 0.65768265724182, 0.70346283912659), vec3.new(2.6801059246063, 0.40000000596046, 5.4929232597351), vec3.new(0.15686275064945, 0.49803921580315, 0.27843138575554)},
  {vec3.new(2.9137835502625, 27.303674697876, 47.979370117188), mat3.new(0.56843519210815, -0.66947644948959, -0.47820883989334, 0.42527994513512, 0.73666900396347, -0.52579152584076, 0.7042863368988, 0.095506355166435, 0.70346307754517), vec3.new(2.6801059246063, 0.40000000596046, 5.4929232597351), vec3.new(0.15686275064945, 0.49803921580315, 0.27843138575554)},
  {vec3.new(2.7370610237122, 27.303745269775, 47.052303314209), mat3.new(-0.26947104930878, -0.65763264894485, -0.70349526405334, -0.4253956079483, 0.73666930198669, -0.5256974697113, 0.86395871639252, 0.15760403871536, -0.47826486825943), vec3.new(2.6801059246063, 0.40000000596046, 5.5686454772949), vec3.new(0.15686275064945, 0.49803921580315, 0.27843138575554)},
  {vec3.new(4.0419120788574, 27.30393409729, 45.132762908936), mat3.new(-0.70426052808762, -0.095458328723907, -0.70349514484406, 0.42526525259018, 0.73674440383911, -0.52569758892059, 0.56847858428955, -0.66939949989319, -0.47826480865479), vec3.new(2.6801059246063, 0.40000000596046, 5.5686454772949), vec3.new(0.15686275064945, 0.49803921580315, 0.27843138575554)},
  {vec3.new(4.9689717292786, 27.303958892822, 44.956035614014), mat3.new(-0.86398923397064, -0.15756040811539, 0.47822397947311, -0.42531889677048, 0.73672664165497, -0.52567923069, -0.26949387788773, -0.65757805109024, -0.70353788137436), vec3.new(2.6801059246063, 0.40000000596046, 5.464373588562), vec3.new(0.15686275064945, 0.49803921580315, 0.27843138575554)},
  {vec3.new(6.8884959220886, 27.303894042969, 46.260875701904), mat3.new(-0.56843888759613, 0.66946244239807, 0.4782238304615, 0.4253723025322, 0.73669582605362, -0.52567905187607, -0.70422720909119, -0.095393061637878, -0.70353746414185), vec3.new(2.6801059246063, 0.40000000596046, 5.464373588562), vec3.new(0.15686275064945, 0.49803921580315, 0.27843138575554)},
  {vec3.new(5.3479242324829, 29.115812301636, 45.427742004395), mat3.new(-0.76983249187469, 0.010938793420792, 0.63815313577652, -0.42530173063278, 0.73672986030579, -0.52568900585175, -0.4758965075016, -0.67609930038452, -0.56250631809235), vec3.new(2.25, 0.40000000596046, 3.515839099884), vec3.new(0.15686275064945, 0.49803921580315, 0.27843138575554)},
  {vec3.new(6.6363534927368, 29.115730285645, 46.88952255249), mat3.new(-0.37543550133705, 0.67216801643372, 0.63815295696259, 0.42538434267044, 0.73668199777603, -0.52568912506104, -0.82346659898758, 0.07409855723381, -0.56250643730164), vec3.new(2.25, 0.40000000596046, 3.515839099884), vec3.new(0.15686275064945, 0.49803921580315, 0.27843138575554)},
  {vec3.new(6.593638420105, 29.115676879883, 47.567012786865), mat3.new(0.4758728146553, 0.6761360168457, 0.56248193979263, -0.42525324225426, 0.73669505119324, -0.5257768034935, -0.76987421512604, 0.011006325483322, 0.63810169696808), vec3.new(2.25, 0.40000000596046, 4.2516708374023), vec3.new(0.15686275064945, 0.49803921580315, 0.27843138575554)},
  {vec3.new(5.1318421363831, 29.115535736084, 48.855457305908), mat3.new(0.82348787784576, -0.07404613494873, 0.56248199939728, 0.42536649107933, 0.73662954568863, -0.52577692270279, -0.37540891766548, 0.67223179340363, 0.63810163736343), vec3.new(2.25, 0.40000000596046, 4.2516708374023), vec3.new(0.15686275064945, 0.49803921580315, 0.27843138575554)},
  {vec3.new(4.454372882843, 29.115528106689, 48.812755584717), mat3.new(0.76984131336212, -0.010956257581711, -0.63814222812653, -0.4253511428833, 0.73663520812988, -0.52578145265579, 0.47583770751953, 0.67620277404785, 0.5624315738678), vec3.new(2.25, 0.40000000596046, 4.0596179962158), vec3.new(0.15686275064945, 0.49803921580315, 0.27843138575554)},
  {vec3.new(3.1659445762634, 29.115617752075, 47.35099029541), mat3.new(0.3754346370697, -0.67217886447906, -0.63814222812653, 0.42526668310165, 0.73668420314789, -0.52578109502792, 0.82352817058563, -0.07398310303688, 0.56243181228638), vec3.new(2.25, 0.40000000596046, 4.0596179962158), vec3.new(0.15686275064945, 0.49803921580315, 0.27843138575554)},
  {vec3.new(3.2086503505707, 29.115669250488, 46.673503875732), mat3.new(-0.47586804628372, -0.67615348100662, -0.56246483325958, -0.42539083957672, 0.73668104410172, -0.52568465471268, 0.76980060338974, -0.010888189077377, -0.63819253444672), vec3.new(2.25, 0.40000000596046, 3.5336618423462), vec3.new(0.15686275064945, 0.49803921580315, 0.27843138575554)},
  {vec3.new(4.6704416275024, 29.11580657959, 45.385063171387), mat3.new(-0.82350122928619, 0.074026346206665, -0.56246513128281, 0.42527934908867, 0.7367457151413, -0.52568459510803, 0.37547966837883, -0.6721059679985, -0.63819241523743), vec3.new(2.25, 0.40000000596046, 3.5336618423462), vec3.new(0.15686275064945, 0.49803921580315, 0.27843138575554)},
  {vec3.new(4.9011058807373, 2.9942872524261, 47.118221282959), mat3.new(1.2040053661622e-05, -1, -0.00011701798212016, 1, 1.2050781151629e-05, -9.1669884568546e-05, 9.1671296104323e-05, -0.0001170168761746, 1), vec3.new(6, 5, 5), vec3.new(0.41176471114159, 0.25098040699959, 0.15686275064945)},
  {vec3.new(4.9011306762695, 8.6943197250366, 47.118709564209), mat3.new(8.6426734924316e-07, -1, -0.00010967254638672, 1.0000001192093, 8.0466270446777e-07, -7.5474381446838e-05, 7.551908493042e-05, -0.00010952353477478, 1.0000001192093), vec3.new(5.4000000953674, 4, 4), vec3.new(0.41176471114159, 0.25098040699959, 0.15686275064945)},
  {vec3.new(4.9011359214783, 14.094404220581, 47.119117736816), mat3.new(8.6426734924316e-07, -1, -0.00010967254638672, 1.0000001192093, 8.0466270446777e-07, -7.5474381446838e-05, 7.551908493042e-05, -0.00010952353477478, 1.0000001192093), vec3.new(5.4000000953674, 3, 3), vec3.new(0.41176471114159, 0.25098040699959, 0.15686275064945)},
  {vec3.new(4.901141166687, 19.494184494019, 47.119529724121), mat3.new(8.3446502685547e-07, -1, -0.00010961294174194, 1.0000002384186, 7.7486038208008e-07, -7.5310468673706e-05, 7.5638294219971e-05, -0.00010961294174194, 1.0000002384186), vec3.new(5.4000000953674, 2, 2), vec3.new(0.41176471114159, 0.25098040699959, 0.15686275064945)},
  {vec3.new(7.0652289390564, 27.303821563721, 47.187923431396), mat3.new(0.2694725394249, 0.65761852264404, 0.70350790023804, -0.4252495765686, 0.73670637607574, -0.52576369047165, -0.86403065919876, -0.15748733282089, 0.47817331552505), vec3.new(2.6801059246063, 0.40000000596046, 5.383442401886), vec3.new(0.15686275064945, 0.49803921580315, 0.27843138575554)},
  {vec3.new(4.6014614105225, 25.162446975708, 44.480518341064), mat3.new(-0.84545004367828, 0.11608530580997, -0.52128565311432, 0.42528307437897, 0.73674529790878, -0.52568209171295, 0.32303100824356, -0.66613155603409, -0.67225062847137), vec3.new(3.1884717941284, 0.40000000596046, 5.4251918792725), vec3.new(0.15686275064945, 0.49803921580315, 0.27843138575554)},
  {vec3.new(2.4193992614746, 25.162263870239, 46.172698974609), mat3.new(-0.52326613664627, -0.67413240671158, -0.52128541469574, -0.4253893494606, 0.73668396472931, -0.52568197250366, 0.73840171098709, -0.053321719169617, -0.67225015163422), vec3.new(3.1884717941284, 0.40000000596046, 5.4251918792725), vec3.new(0.15686275064945, 0.49803921580315, 0.27843138575554)},
  {vec3.new(2.2617139816284, 25.162158966064, 47.41967010498), mat3.new(0.32298597693443, -0.66620272397995, -0.6722012758255, 0.42526373267174, 0.73668777942657, -0.52577841281891, 0.84547746181488, -0.11604329943657, 0.52125132083893), vec3.new(3.1884717941284, 0.40000000596046, 5.5711121559143), vec3.new(0.15686275064945, 0.49803921580315, 0.27843138575554)},
  {vec3.new(3.9538681507111, 25.16202545166, 49.601715087891), mat3.new(0.738440990448, -0.053390443325043, -0.67220139503479, -0.42535528540611, 0.73663485050201, -0.52577829360962, 0.52323794364929, 0.67418098449707, 0.52125120162964), vec3.new(3.1884717941284, 0.40000000596046, 5.5711121559143), vec3.new(0.15686275064945, 0.49803921580315, 0.27843138575554)},
  {vec3.new(5.2008271217346, 25.162036895752, 49.759384155273), mat3.new(0.84543645381927, -0.11610576510429, 0.52130329608917, 0.42536306381226, 0.73662936687469, -0.52577984333038, -0.32296115159988, 0.66625678539276, 0.67216002941132), vec3.new(3.1884717941284, 0.40000000596046, 6.2059268951416), vec3.new(0.15686275064945, 0.49803921580315, 0.27843138575554)},
  {vec3.new(7.3828868865967, 25.162218093872, 48.067192077637), mat3.new(0.52327233552933, 0.67411404848099, 0.52130317687988, -0.42525452375412, 0.73669195175171, -0.52577966451645, -0.73847544193268, 0.053439512848854, 0.67216002941132), vec3.new(3.1884717941284, 0.40000000596046, 6.2059268951416), vec3.new(0.15686275064945, 0.49803921580315, 0.27843138575554)},
  {vec3.new(7.54057264328, 25.16231918335, 46.820236206055), mat3.new(-0.32298588752747, 0.66619247198105, 0.67221128940582, 0.42538663744926, 0.73667848110199, -0.52569150924683, -0.84541493654251, 0.11615897715092, -0.5213263630867), vec3.new(3.1884717941284, 0.40000000596046, 6.7764644622803), vec3.new(0.15686275064945, 0.49803921580315, 0.27843138575554)},
  {vec3.new(5.8484191894531, 25.162456512451, 44.638187408447), mat3.new(-0.73843312263489, 0.053373899310827, 0.67221122980118, -0.42529737949371, 0.73672997951508, -0.52569156885147, -0.52329635620117, -0.67407739162445, -0.5213263630867), vec3.new(3.1884717941284, 0.40000000596046, 6.7764644622803), vec3.new(0.15686275064945, 0.49803921580315, 0.27843138575554)},
  {vec3.new(6.5577201843262, 22.481391906738, 44.297718048096), mat3.new(-0.86600238084793, 0.50004053115845, 0.0001041153591359, 0.42533177137375, 0.73672676086426, -0.52566838264465, -0.26293170452118, -0.45518526434898, -0.85069036483765), vec3.new(3.8249113559723, 0.40000000596046, 7.6796779632568), vec3.new(0.15686275064945, 0.49803921580315, 0.27843138575554)},
  {vec3.new(3.2452466487885, 22.48131942749, 44.297359466553), mat3.new(-0.86604851484299, -0.49996078014374, 0.00010426437074784, -0.42535883188248, 0.73671114444733, -0.52566838264465, 0.26273638010025, -0.45529806613922, -0.85069036483765), vec3.new(3.8249113559723, 0.40000000596046, 7.6796779632568), vec3.new(0.15686275064945, 0.49803921580315, 0.27843138575554)},
  {vec3.new(2.0791435241699, 22.481201171875, 45.463191986084), mat3.new(-0.26297068595886, -0.45524215698242, -0.85064762830734, 0.42524939775467, 0.73672544956207, -0.52573674917221, 0.86603140830994, -0.49999013543129, -0.00014592707157135), vec3.new(3.8249113559723, 0.40000000596046, 7.8863110542297), vec3.new(0.15686275064945, 0.49803921580315, 0.27843138575554)},
  {vec3.new(2.0787396430969, 22.480934143066, 48.775691986084), mat3.new(0.26276019215584, -0.45536375045776, -0.85064762830734, -0.42538893222809, 0.73664486408234, -0.52573680877686, 0.86602622270584, 0.49999916553497, -0.00014589726924896), vec3.new(3.8249113559723, 0.40000000596046, 7.8863110542297), vec3.new(0.15686275064945, 0.49803921580315, 0.27843138575554)},
  {vec3.new(3.2445554733276, 22.480863571167, 49.941761016846), mat3.new(0.86599010229111, -0.50006145238876, -8.2041900896002e-05, 0.42531967163086, 0.73664063215256, -0.52579855918884, 0.26299211382866, 0.45530179142952, 0.85060918331146), vec3.new(3.8249113559723, 0.40000000596046, 8.3138542175293), vec3.new(0.15686275064945, 0.49803921580315, 0.27843138575554)},
  {vec3.new(6.5570311546326, 22.480934143066, 49.942123413086), mat3.new(0.86606246232986, 0.49993628263474, -8.2270038546994e-05, -0.4252877831459, 0.73665910959244, -0.5257984995842, -0.26280537247658, 0.4554095864296, 0.85060912370682), vec3.new(3.8249113559723, 0.40000000596046, 8.3138542175293), vec3.new(0.15686275064945, 0.49803921580315, 0.27843138575554)},
  {vec3.new(7.7231407165527, 22.48105430603, 48.776298522949), mat3.new(0.26296931505203, 0.45523303747177, 0.85065323114395, 0.42539536952972, 0.73664748668671, -0.52572792768478, -0.86595940589905, 0.50011456012726, 6.1184167861938e-05), vec3.new(3.8249113559723, 0.40000000596046, 6.8674912452698), vec3.new(0.15686275064945, 0.49803921580315, 0.27843138575554)},
  {vec3.new(7.7235460281372, 22.48131942749, 45.463809967041), mat3.new(-0.26276069879532, 0.45535352826118, 0.8506532907486, -0.42526087164879, 0.73672521114349, -0.52572786808014, -0.86608946323395, -0.49988919496536, 6.1169266700745e-05), vec3.new(3.8249113559723, 0.40000000596046, 6.8674912452698), vec3.new(0.15686275064945, 0.49803921580315, 0.27843138575554)},
  {vec3.new(8.7451982498169, 18.345792770386, 45.37020111084), mat3.new(-0.54603672027588, 0.67213040590286, 0.50008499622345, 0.4253739118576, 0.73669415712357, -0.52567982673645, -0.72173482179642, -0.074317157268524, -0.68816888332367), vec3.new(4.8066082000732, 0.40000000596046, 11.517795562744), vec3.new(0.15686275064945, 0.49803921580315, 0.27843138575554)},
  {vec3.new(5.3778514862061, 18.345918655396, 42.923080444336), mat3.new(-0.85509872436523, -0.13682569563389, 0.50008505582809, -0.42531684041023, 0.73672705888748, -0.52567982673645, -0.29649975895882, -0.66220247745514, -0.68816882371902), vec3.new(4.8066082000732, 0.40000000596046, 11.517795562744), vec3.new(0.15686275064945, 0.49803921580315, 0.27843138575554)},
  {vec3.new(3.1519455909729, 18.345846176147, 43.275367736816), mat3.new(-0.72176772356033, -0.074383541941643, -0.68812698125839, 0.42526650428772, 0.73674470186234, -0.52569574117661, 0.54607713222504, -0.6720672249794, -0.50012588500977), vec3.new(4.8066082000732, 0.40000000596046, 8.9340372085571), vec3.new(0.15686275064945, 0.49803921580315, 0.27843138575554)},
  {vec3.new(0.70479393005371, 18.345523834229, 46.642768859863), mat3.new(-0.29647582769394, -0.66225636005402, -0.68812698125839, -0.42539522051811, 0.7366703748703, -0.52569574117661, 0.85506796836853, 0.1368702352047, -0.50012588500977), vec3.new(4.8066082000732, 0.40000000596046, 8.9340372085571), vec3.new(0.15686275064945, 0.49803921580315, 0.27843138575554)},
  {vec3.new(1.0570645332336, 18.345352172852, 48.868667602539), mat3.new(0.54603332281113, -0.67214369773865, -0.5000706911087, 0.42527803778648, 0.7366703748703, -0.52579045295715, 0.72179412841797, 0.074430465698242, 0.68809425830841), vec3.new(4.8066082000732, 0.40000000596046, 10.293250083923), vec3.new(0.15686275064945, 0.49803921580315, 0.27843138575554)},
  {vec3.new(4.4244170188904, 18.345226287842, 51.315795898438), mat3.new(0.8551105260849, 0.13680505752563, -0.5000706911087, -0.4253346323967, 0.73663777112961, -0.52579063177109, 0.29643991589546, 0.6623067855835, 0.6880943775177), vec3.new(4.8066082000732, 0.40000000596046, 10.293250083923), vec3.new(0.15686275064945, 0.49803921580315, 0.27843138575554)},
  {vec3.new(6.650324344635, 18.34529876709, 50.963512420654), mat3.new(0.72175717353821, 0.074366569519043, 0.6881400346756, 0.42537799477577, 0.73663115501404, -0.52576529979706, -0.54600429534912, 0.67219454050064, 0.50003468990326), vec3.new(4.8066082000732, 0.40000000596046, 9.3368291854858), vec3.new(0.15686275064945, 0.49803921580315, 0.27843138575554)},
  {vec3.new(9.0974807739258, 18.345621109009, 47.596088409424), mat3.new(0.29647794365883, 0.66224211454391, 0.68813985586166, -0.42524945735931, 0.73670506477356, -0.52576506137848, -0.85514003038406, -0.13675297796726, 0.50003457069397), vec3.new(4.8066082000732, 0.40000000596046, 9.3368291854858), vec3.new(0.15686275064945, 0.49803921580315, 0.27843138575554)},
  {vec3.new(5.4621658325195, 13.704070091248, 41.88391494751), mat3.new(-0.90487921237946, 0.3348862528801, -0.26276591420174, 0.42530781030655, 0.7367388010025, -0.5256712436676, 0.017549514770508, -0.5874251127243, -0.80908900499344), vec3.new(4.9669027328491, 0.40000000596046, 11.801991462708), vec3.new(0.15686275064945, 0.49803921580315, 0.27843138575554)},
  {vec3.new(1.3710641860962, 13.703875541687, 43.212677001953), mat3.new(-0.74246317148209, -0.6162006855011, -0.2627660036087, -0.42537599802017, 0.73669922351837, -0.52567148208618, 0.51749801635742, -0.27851724624634, -0.80908912420273), vec3.new(4.9669027328491, 0.40000000596046, 11.801991462708), vec3.new(0.15686275064945, 0.49803921580315, 0.27843138575554)},
  {vec3.new(0.095584869384766, 13.70371055603, 44.96781539917), mat3.new(-0.26297035813332, -0.45524233579636, -0.85064774751663, 0.42524933815002, 0.73672568798065, -0.5257368683815, 0.86603140830994, -0.49999061226845, -0.00014592707157135), vec3.new(4.9669027328491, 0.40000000596046, 13.089628219604), vec3.new(0.15686275064945, 0.49803921580315, 0.27843138575554)},
  {vec3.new(0.0950608253479, 13.703366279602, 49.269287109375), mat3.new(0.26276028156281, -0.45536372065544, -0.85064762830734, -0.42538911104202, 0.73664498329163, -0.52573674917221, 0.8660261631012, 0.49999910593033, -0.00014579296112061), vec3.new(4.9669027328491, 0.40000000596046, 13.089628219604), vec3.new(0.15686275064945, 0.49803921580315, 0.27843138575554)},
  {vec3.new(1.3701190948486, 13.70325088501, 51.024703979492), mat3.new(0.74234545230865, -0.61626535654068, -0.26294535398483, 0.42529782652855, 0.73665368556976, -0.5257979631424, 0.51773071289063, 0.27849400043488, 0.80894750356674), vec3.new(4.9669027328491, 0.40000000596046, 12.797985076904), vec3.new(0.15686275064945, 0.49803921580315, 0.27843138575554)},
  {vec3.new(5.4608955383301, 13.703233718872, 52.354377746582), mat3.new(0.90487456321716, 0.33475583791733, -0.26294553279877, -0.42531049251556, 0.73664617538452, -0.52579808235168, 0.01768371462822, 0.58761519193649, 0.80894756317139), vec3.new(4.9669027328491, 0.40000000596046, 12.797985076904), vec3.new(0.15686275064945, 0.49803921580315, 0.27843138575554)},
  {vec3.new(7.5243992805481, 13.703329086304, 51.684143066406), mat3.new(0.72175705432892, 0.074366450309753, 0.68813985586166, 0.42537781596184, 0.73663085699081, -0.52576518058777, -0.54600429534912, 0.67219424247742, 0.50003451108932), vec3.new(4.9669027328491, 0.40000000596046, 13.796641349792), vec3.new(0.15686275064945, 0.49803921580315, 0.27843138575554)},
  {vec3.new(10.053157806396, 13.703657150269, 48.204456329346), mat3.new(0.29647779464722, 0.66224217414856, 0.6881400346756, -0.42524951696396, 0.73670518398285, -0.52576529979706, -0.85514008998871, -0.13675308227539, 0.50003492832184), vec3.new(4.9669027328491, 0.40000000596046, 13.796641349792), vec3.new(0.15686275064945, 0.49803921580315, 0.27843138575554)},
  {vec3.new(10.053425788879, 13.703837394714, 46.034828186035), mat3.new(-0.29627025127411, 0.66221702098846, 0.68825334310532, 0.42538782954216, 0.73667669296265, -0.52569305896759, -0.85514295101166, 0.13702768087387, -0.49995452165604), vec3.new(4.9669027328491, 0.40000000596046, 11.636497497559), vec3.new(0.15686275064945, 0.49803921580315, 0.27843138575554)},
  {vec3.new(7.5255079269409, 13.704061508179, 42.554588317871), mat3.new(-0.72163283824921, 0.074522584676743, 0.68825364112854, -0.42529544234276, 0.73673045635223, -0.52569305896759, -0.54623365402222, -0.67206817865372, -0.49995440244675), vec3.new(4.9669027328491, 0.40000000596046, 11.636497497559), vec3.new(0.15686275064945, 0.49803921580315, 0.27843138575554)},
  {vec3.new(1.7651195526123, 6.5436654090881, 40.959987640381), mat3.new(-0.75462996959686, -0.03203421831131, -0.65536856651306, 0.42527002096176, 0.73674547672272, -0.52569210529327, 0.49968028068542, -0.67541122436523, -0.54234689474106), vec3.new(6.3405094146729, 0.40000000596046, 15.575122833252), vec3.new(0.15686275064945, 0.49803921580315, 0.27843138575554)},
  {vec3.new(-1.7355258464813, 6.5432486534119, 45.190521240234), mat3.new(-0.34958234429359, -0.66954070329666, -0.65536868572235, -0.4253945350647, 0.73667389154434, -0.52569198608398, 0.83476495742798, 0.095017716288567, -0.54234701395035), vec3.new(6.3405094146729, 0.40000000596046, 15.575122833252), vec3.new(0.15686275064945, 0.49803921580315, 0.27843138575554)},
  {vec3.new(-1.9251003265381, 6.543007850647, 48.198040008545), mat3.new(0.24198898673058, -0.65231901407242, -0.71827679872513, 0.42525959014893, 0.73669362068176, -0.52577322721481, 0.87212187051773, -0.17822262644768, 0.45567646622658), vec3.new(6.3405094146729, 0.40000000596046, 18.614456176758), vec3.new(0.15686275064945, 0.49803921580315, 0.27843138575554)},
  {vec3.new(1.0165767669678, 6.542694568634, 52.834609985352), mat3.new(0.68591856956482, -0.11659440398216, -0.71827667951584, -0.42536136507988, 0.73663437366486, -0.52577328681946, 0.59040951728821, 0.66616487503052, 0.4556764960289), vec3.new(6.3405094146729, 0.40000000596046, 18.614456176758), vec3.new(0.15686275064945, 0.49803921580315, 0.27843138575554)},
  {vec3.new(3.818293094635, 6.5426683425903, 53.94425201416), mat3.new(0.90417855978012, -0.37113645672798, 0.21146848797798, 0.42533707618713, 0.73663383722305, -0.52579426765442, 0.039366513490677, 0.56535762548447, 0.82390636205673), vec3.new(6.3405094146729, 0.40000000596046, 18.531169891357), vec3.new(0.15686275064945, 0.49803921580315, 0.27843138575554)},
  {vec3.new(9.1369915008545, 6.5428867340088, 52.579257965088), mat3.new(0.77350533008575, 0.59747010469437, 0.21146839857101, -0.42527198791504, 0.73667138814926, -0.52579420804977, -0.46992936730385, 0.31677320599556, 0.82390630245209), vec3.new(6.3405094146729, 0.40000000596046, 18.531169891357), vec3.new(0.15686275064945, 0.49803921580315, 0.27843138575554)},
  {vec3.new(11.058123588562, 6.5431137084961, 50.257553100586), mat3.new(0.31682580709457, 0.42293566465378, 0.84896814823151, 0.42539501190186, 0.73664486408234, -0.52573174238205, -0.84773874282837, 0.527712225914, 0.05347315967083), vec3.new(6.3405094146729, 0.40000000596046, 17.104568481445), vec3.new(0.15686275064945, 0.49803921580315, 0.27843138575554)},
  {vec3.new(11.403570175171, 6.5435643196106, 44.777370452881), mat3.new(-0.20786172151566, 0.48584640026093, 0.84896814823151, -0.42525824904442, 0.73672395944595, -0.5257316827774, -0.88088011741638, -0.47031012177467, 0.053473100066185), vec3.new(6.3405094146729, 0.40000000596046, 17.104568481445), vec3.new(0.15686275064945, 0.49803921580315, 0.27843138575554)},
  {vec3.new(9.7891902923584, 6.5437273979187, 42.232837677002), mat3.new(-0.70838069915771, 0.63251537084579, 0.31324279308319, 0.42535898089409, 0.73670792579651, -0.52567249536514, -0.56326431035995, -0.23913550376892, -0.79091596603394), vec3.new(6.3405094146729, 0.40000000596046, 16.887310028076), vec3.new(0.15686275064945, 0.49803921580315, 0.27843138575554)},
  {vec3.new(4.6839990615845, 6.5437831878662, 40.210876464844), mat3.new(-0.90196239948273, -0.29722529649734, 0.31324285268784, -0.42533442378044, 0.73672223091125, -0.52567267417908, -0.074529707431793, -0.60736954212189, -0.79091602563858), vec3.new(6.3405094146729, 0.40000000596046, 16.887310028076), vec3.new(0.15686275064945, 0.49803921580315, 0.27843138575554)},
  {vec3.new(4.9011421203613, 24.894163131714, 47.119945526123), mat3.new(8.6426734924316e-07, -1.0000001192093, -0.00010967254638672, 1.0000002384186, 7.4505805969238e-07, -7.5280666351318e-05, 7.5697898864746e-05, -0.00010958313941956, 1.0000002384186), vec3.new(5.4000000953674, 1, 1), vec3.new(0.41176471114159, 0.25098040699959, 0.15686275064945)},
  {vec3.new(-2.6870901584625, 7.702446937561, 1.3110009431839), mat3.new(0.22585229575634, -0.00051336089381948, -0.97416150569916, 0.001232051756233, 0.99999916553497, -0.00024181153276004, 0.97416085004807, -0.0011457110522315, 0.22585275769234), vec3.new(3.4000000953674, 0.59999990463257, 0.60000002384186), vec3.new(0.41176471114159, 0.25098040699959, 0.15686275064945)},
  {vec3.new(-4.2745261192322, 6.0024952888489, 1.989143371582), mat3.new(0.97416132688522, -0.00050098623614758, 0.22585301101208, 0.00022863801859785, 0.99999922513962, 0.0012320209061727, -0.22585345804691, -0.0011485484428704, 0.97416067123413), vec3.new(3.5999999046326, 3.5999999046326, 3.5999999046326), vec3.new(0.48627451062202, 0.36078432202339, 0.27450981736183)},
  {vec3.new(-2.6175923347473, 4.3027586936951, 1.607142329216), mat3.new(0.22585220634937, 0.00051338056800887, 0.97416150569916, 0.0012321390677243, -0.99999904632568, 0.00024181164917536, 0.97416085004807, 0.0011457961518317, -0.22585266828537), vec3.new(2.8000001907349, 0.60000014305115, 0.60000002384186), vec3.new(0.41176471114159, 0.25098040699959, 0.15686275064945)},
  {vec3.new(-4.2755374908447, 4.3311138153076, 1.9829874038696), mat3.new(0.84852975606918, 0.52913463115692, -0.00052598107140511, 0.0010420010657981, -0.00070032064104453, 0.99999243021011, 0.52913045883179, -0.84852838516235, -0.0011427274439484), vec3.new(4.0000004768372, 0.59999990463257, 0.60000002384186), vec3.new(0.41176471114159, 0.25098040699959, 0.15686275064945)},
  {vec3.new(-5.5466418266296, 6.0041975975037, 4.0291476249695), mat3.new(0.000513335398864, 0.97416132688522, 0.22585301101208, -0.99999922513962, 0.00024166161892936, 0.0012321957619861, 0.0011458648368716, -0.22585347294807, 0.97416067123413), vec3.new(2.8000001907349, 0.60000002384186, 0.60000002384186), vec3.new(0.41176471114159, 0.25098040699959, 0.15686275064945)},
  {vec3.new(-5.8619594573975, 4.3023500442505, 2.6672825813293), mat3.new(-0.22585220634937, -0.00051336083561182, 0.97416150569916, -0.0012320516398177, 0.99999904632568, 0.00024181164917536, -0.97416085004807, -0.0011457109358162, -0.22585266828537), vec3.new(3.4000000953674, 0.59999990463257, 0.60000002384186), vec3.new(0.41176471114159, 0.25098040699959, 0.15686275064945)},
  {vec3.new(-4.2708730697632, 7.6524963378906, 2.0418612957001), mat3.new(0.52912843227386, -0.00051046727458015, 0.84853380918503, -0.00070041260914877, 0.9999925494194, 0.0010237945243716, -0.84853249788284, -0.0011332168942317, 0.52912414073944), vec3.new(4, 0.59999990463257, 0.60000002384186), vec3.new(0.41176471114159, 0.25098040699959, 0.15686275064945)},
  {vec3.new(-2.6690592765808, 6.0316143035889, 1.608381986618), mat3.new(-0.16005532443523, 0.15934583544731, 0.97415482997894, 0.70622801780701, 0.70797491073608, 0.00021577742882073, -0.68964320421219, 0.68801420927048, -0.22585280239582), vec3.new(4.0000004768372, 0.59999990463257, 0.60000002384186), vec3.new(0.41176471114159, 0.25098040699959, 0.15686275064945)},
  {vec3.new(-4.1837029457092, 7.7044544219971, 3.7110095024109), mat3.new(0.97416132688522, -0.00050075398758054, 0.22585301101208, 0.00022887643717695, 0.99999922513962, 0.0012320209061727, -0.22585345804691, -0.0011486023431644, 0.97416067123413), vec3.new(3.4000000953674, 0.59999990463257, 0.60000002384186), vec3.new(0.41176471114159, 0.25098040699959, 0.15686275064945)},
  {vec3.new(-2.234673500061, 6.304958820343, 3.2609090805054), mat3.new(-0.00051335385069251, -0.97416132688522, 0.22585301101208, 0.99999904632568, -0.00024181063054129, 0.0012320209061727, -0.0011456807842478, 0.22585347294807, 0.97416067123413), vec3.new(3.4000000953674, 0.60000002384186, 0.60000002384186), vec3.new(0.41176471114159, 0.25098040699959, 0.15686275064945)},
  {vec3.new(-4.6575870513916, 4.3002724647522, 0.33503198623657), mat3.new(0.97416132688522, -0.00050075398758054, 0.22585301101208, 0.00022887643717695, 0.99999922513962, 0.0012320209061727, -0.22585345804691, -0.0011486023431644, 0.97416067123413), vec3.new(2.8000001907349, 0.59999990463257, 0.60000002384186), vec3.new(0.41176471114159, 0.25098040699959, 0.15686275064945)},
  {vec3.new(-6.3143773078918, 5.6998615264893, 0.71737539768219), mat3.new(0.00051330582937226, -0.22585216164589, 0.97416150569916, -0.99999922513962, -0.0012320644455031, 0.00024166268121917, 0.0011457371292636, -0.97416085004807, -0.22585262358189), vec3.new(3.4000000953674, 0.60000002384186, 0.60000002384186), vec3.new(0.41176471114159, 0.25098040699959, 0.15686275064945)},
  {vec3.new(-5.9992146492004, 7.7016706466675, 2.0789008140564), mat3.new(-0.22585220634937, -0.00051336083561182, 0.97416150569916, -0.0012320516398177, 0.99999904632568, 0.00024181164917536, -0.97416085004807, -0.0011457109358162, -0.22585266828537), vec3.new(3.4000000953674, 0.59999990463257, 0.60000002384186), vec3.new(0.41176471114159, 0.25098040699959, 0.15686275064945)},
  {vec3.new(-3.5974583625793, 4.3045315742493, 3.5793902873993), mat3.new(0.97416132688522, -0.00050075398758054, 0.22585301101208, 0.00022887643717695, 0.99999922513962, 0.0012320209061727, -0.22585345804691, -0.0011486023431644, 0.97416067123413), vec3.new(3.4000000953674, 0.59999990463257, 0.60000002384186), vec3.new(0.41176471114159, 0.25098040699959, 0.15686275064945)},
  {vec3.new(-5.8837604522705, 6.0308604240417, 2.3536939620972), mat3.new(-0.16005530953407, -0.15934582054615, -0.97415453195572, 0.70622801780701, -0.70797455310822, -0.00021579838357866, -0.68964314460754, -0.68801409006119, 0.22585274279118), vec3.new(4.0000004768372, 0.59999990463257, 0.60000002384186), vec3.new(0.41176471114159, 0.25098040699959, 0.15686275064945)},
  {vec3.new(-4.6490640640259, 6.0292010307312, 0.37369549274445), mat3.new(-0.22585216164589, -0.68847757577896, -0.68919491767883, -0.0012320516398177, -0.7072725892067, 0.7069399356842, -0.97416085004807, 0.16051307320595, 0.15889078378677), vec3.new(0.60000002384186, 0.59999990463257, 4.0000004768372), vec3.new(0.41176471114159, 0.25098040699959, 0.15686275064945)},
  {vec3.new(-3.903760433197, 6.033266544342, 3.5883865356445), mat3.new(-0.68919479846954, -0.68847733736038, 0.2258530408144, 0.70693987607956, -0.7072725892067, 0.0012319959932938, 0.15889143943787, 0.16051362454891, 0.97416067123413), vec3.new(4.0000004768372, 0.59999990463257, 0.60000002384186), vec3.new(0.41176471114159, 0.25098040699959, 0.15686275064945)},
  {vec3.new(-4.6593337059021, 7.7003326416016, 0.33113503456116), mat3.new(0.97416132688522, -0.00050075398758054, 0.22585301101208, 0.00022887643717695, 0.99999922513962, 0.0012320209061727, -0.22585345804691, -0.0011486023431644, 0.97416067123413), vec3.new(2.8000001907349, 0.59999990463257, 0.60000002384186), vec3.new(0.41176471114159, 0.25098040699959, 0.15686275064945)},
  {vec3.new(-3.002254486084, 5.7006411552429, -0.050518274307251), mat3.new(0.00051330524729565, -0.97416132688522, -0.22585301101208, -0.99999922513962, -0.00024151260731742, -0.001231933478266, 0.0011456025531515, 0.22585347294807, -0.97416067123413), vec3.new(3.4000000953674, 0.60000002384186, 0.60000002384186), vec3.new(0.41176471114159, 0.25098040699959, 0.15686275064945)},
  {vec3.new(-0.2431183308363, 13.60037612915, 5.8702898025513), mat3.new(0.0003423351154197, 1.0000058412552, 2.0483962543949e-06, -9.3870816897379e-08, -2.0483530533966e-06, 1, 1.0000058412552, -0.0003423351154197, 9.3170292814193e-08), vec3.new(1, 0.40000000596046, 5), vec3.new(0.41176471114159, 0.25098040699959, 0.15686275064945)},
  {vec3.new(-0.15363231301308, 13.60037612915, 4.5702629089355), mat3.new(0.00033678335603327, 1.0000058412552, 6.1464590544347e-05, -0.17364826798439, -2.0489494545473e-06, 0.98480772972107, 0.98481351137161, -0.00034234006307088, 0.17364926636219), vec3.new(1, 0.40000000596046, 5), vec3.new(0.41176471114159, 0.25098040699959, 0.15686275064945)},
  {vec3.new(21.554578781128, 9.6001510620117, -1.1370601654053), mat3.new(1.0000058412552, -0.00034238814259879, 2.0483962543949e-06, -2.0483530533966e-06, 9.3987267746343e-08, 1, -0.00034238814259879, -1.0000058412552, 9.3286637081746e-08), vec3.new(1, 0.40000000596046, 13), vec3.new(0.41176471114159, 0.25098040699959, 0.15686275064945)},
  {vec3.new(31.158311843872, 9.6001119613647, 9.6595239639282), mat3.new(0.0003423351154197, 1.0000058412552, 2.0483962543949e-06, -9.3870816897379e-08, -2.0483530533966e-06, 1, 1.0000058412552, -0.0003423351154197, 9.3170292814193e-08), vec3.new(1, 0.40000000596046, 13), vec3.new(0.41176471114159, 0.25098040699959, 0.15686275064945)},
  {vec3.new(-0.24408161640167, 13.600378036499, 3.0703392028809), mat3.new(0.0003423351154197, 1.0000058412552, 2.0483962543949e-06, -9.3870816897379e-08, -2.0483530533966e-06, 1, 1.0000058412552, -0.0003423351154197, 9.3170292814193e-08), vec3.new(1, 0.40000000596046, 5), vec3.new(0.41176471114159, 0.25098040699959, 0.15686275064945)},
  {vec3.new(-0.24275235831738, 13.60037612915, 7.0702848434448), mat3.new(0.00033953425008804, 1.0000058412552, 4.3754298530985e-05, -0.12186942994595, -2.0493037027336e-06, 0.99254620075226, 0.99255192279816, -0.00034233569749631, 0.12187013030052), vec3.new(1, 0.40000000596046, 5), vec3.new(0.41176471114159, 0.25098040699959, 0.15686275064945)},
  {vec3.new(31.15940284729, 9.6001224517822, 12.75945186615), mat3.new(0.0003423351154197, 1.0000058412552, 2.0036927708134e-06, -9.3870816897379e-08, -2.0036500245624e-06, 1, 1.0000058412552, -0.0003423351154197, 9.3185590799294e-08), vec3.new(1, 0.40000000596046, 13), vec3.new(0.41176471114159, 0.25098040699959, 0.15686275064945)},
  {vec3.new(31.154861450195, 9.6001424789429, -0.44038581848145), mat3.new(0.0003423351154197, 1.0000058412552, 2.0036927708134e-06, -9.3870816897379e-08, -2.0036500245624e-06, 1, 1.0000058412552, -0.0003423351154197, 9.3185590799294e-08), vec3.new(1, 0.40000000596046, 13), vec3.new(0.41176471114159, 0.25098040699959, 0.15686275064945)},
  {vec3.new(31.161031723022, 9.600152015686, 17.559379577637), mat3.new(0.0003423351154197, 1.0000058412552, 2.0036927708134e-06, -9.3870816897379e-08, -2.0036500245624e-06, 1, 1.0000058412552, -0.0003423351154197, 9.3185590799294e-08), vec3.new(1, 0.40000000596046, 13), vec3.new(0.41176471114159, 0.25098040699959, 0.15686275064945)},
  {vec3.new(31.157953262329, 9.6001462936401, 8.5594997406006), mat3.new(0.0003423351154197, 1.0000058412552, 2.0036927708134e-06, -9.3870816897379e-08, -2.0036500245624e-06, 1, 1.0000058412552, -0.0003423351154197, 9.3185590799294e-08), vec3.new(1, 0.40000000596046, 13), vec3.new(0.41176471114159, 0.25098040699959, 0.15686275064945)},
  {vec3.new(31.146903991699, 10.600192070007, 5.5595388412476), mat3.new(1.9403728401812e-06, -1.0000058412552, 0.00034234343911521, 1, 1.9403405531193e-06, -6.4188363069206e-08, 6.3524616678023e-08, 0.00034234343911521, 1.0000058412552), vec3.new(1, 0.40000000596046, 7), vec3.new(0.41176471114159, 0.25098040699959, 0.15686275064945)},
  {vec3.new(31.158977508545, 9.6001529693604, 11.559459686279), mat3.new(0.0003423351154197, 1.0000058412552, 2.0036927708134e-06, -9.3870816897379e-08, -2.0036500245624e-06, 1, 1.0000058412552, -0.0003423351154197, 9.3185590799294e-08), vec3.new(1, 0.40000000596046, 13), vec3.new(0.41176471114159, 0.25098040699959, 0.15686275064945)},
  {vec3.new(31.159761428833, 9.6001119613647, 13.759442329407), mat3.new(0.0003423351154197, 1.0000058412552, 2.0483962543949e-06, -9.3870816897379e-08, -2.0483530533966e-06, 1, 1.0000058412552, -0.0003423351154197, 9.3170292814193e-08), vec3.new(1, 0.40000000596046, 13), vec3.new(0.41176471114159, 0.25098040699959, 0.15686275064945)},
  {vec3.new(31.158679962158, 9.6001529693604, 10.559472084045), mat3.new(0.0003423351154197, 1.0000058412552, 2.0036927708134e-06, -9.3870816897379e-08, -2.0036500245624e-06, 1, 1.0000058412552, -0.0003423351154197, 9.3185590799294e-08), vec3.new(1, 0.40000000596046, 13), vec3.new(0.41176471114159, 0.25098040699959, 0.15686275064945)},
  {vec3.new(31.155405044556, 9.6001033782959, 1.0596561431885), mat3.new(0.00034085777588189, 1.0000058412552, 3.1877782021184e-05, -0.087155804038048, -2.0487411802605e-06, 0.99619472026825, 0.99620056152344, -0.00034233901533298, 0.087156295776367), vec3.new(1, 0.40000000596046, 13), vec3.new(0.41176471114159, 0.25098040699959, 0.15686275064945)},
  {vec3.new(31.15588760376, 9.6001472473145, 2.5595779418945), mat3.new(0.0003423351154197, 1.0000058412552, 2.0036927708134e-06, -9.3870816897379e-08, -2.0036500245624e-06, 1, 1.0000058412552, -0.0003423351154197, 9.3185590799294e-08), vec3.new(1, 0.40000000596046, 13), vec3.new(0.41176471114159, 0.25098040699959, 0.15686275064945)},
  {vec3.new(31.055433273315, 9.9001054763794, 1.1596927642822), mat3.new(0.00033749794238247, 1.0000058412552, -5.7385375839658e-05, 0.17364811897278, -2.0923080228386e-06, 0.98480778932571, 0.98481357097626, -0.00034233546466567, -0.17364911735058), vec3.new(1, 0.40000000596046, 13), vec3.new(0.41176471114159, 0.25098040699959, 0.15686275064945)},
  {vec3.new(31.160129547119, 9.6001262664795, 14.859470367432), mat3.new(0.0003423351154197, 1.0000058412552, 2.0483962543949e-06, -9.3870816897379e-08, -2.0483530533966e-06, 1, 1.0000058412552, -0.0003423351154197, 9.3170292814193e-08), vec3.new(1, 0.40000000596046, 13), vec3.new(0.41176471114159, 0.25098040699959, 0.15686275064945)},
  {vec3.new(27.454584121704, 9.6001510620117, -1.1391181945801), mat3.new(1.0000058412552, -0.00034234343911521, 2.0036927708134e-06, -2.0036500245624e-06, 9.3870831108234e-08, 1, -0.00034234343911521, -1.0000058412552, 9.3185590799294e-08), vec3.new(1, 0.40000000596046, 13), vec3.new(0.41176471114159, 0.25098040699959, 0.15686275064945)},
  {vec3.new(0.16457448899746, 1.5001258850098, 28.469982147217), mat3.new(0.00034233505721204, 1.0000058412552, 1.962674105016e-06, 2.5456024843606e-08, -1.9626722860266e-06, 1, 1.0000057220459, -0.00034233508631587, -2.6127899843686e-08), vec3.new(1, 0.40000000596046, 3), vec3.new(0.41176471114159, 0.25098040699959, 0.15686275064945)},
  {vec3.new(0.1645138412714, 1.5000820159912, 28.459972381592), mat3.new(1.0000058412552, -0.00034238814259879, 2.0036520709255e-06, -2.0036500245624e-06, -2.5339573994643e-08, 1, -0.00034238814259879, -1.0000057220459, -2.6025595900592e-08), vec3.new(1, 0.40000000596046, 3), vec3.new(0.41176471114159, 0.25098040699959, 0.15686275064945)},
  {vec3.new(30.1646900177, 1.5000305175781, 28.449672698975), mat3.new(1.0000058412552, -0.00034238814259879, 2.0036520709255e-06, -2.0036500245624e-06, -2.5339573994643e-08, 1, -0.00034238814259879, -1.0000057220459, -2.6025595900592e-08), vec3.new(1, 0.40000000596046, 3), vec3.new(0.41176471114159, 0.25098040699959, 0.15686275064945)},
  {vec3.new(-1.040415763855, 1.6801171302795, 16.970432281494), mat3.new(-1.0000058412552, 0.00034229873563163, 2.003667077588e-06, 2.0036500245624e-06, -1.8432970705362e-08, 1, 0.00034229873563163, 1.0000057220459, 1.7747382230482e-08), vec3.new(1, 0.80000001192093, 3), vec3.new(0.41176471114159, 0.25098040699959, 0.15686275064945)},
  {vec3.new(30.164762496948, 1.5000734329224, 28.4596824646), mat3.new(0.00034233505721204, 1.0000058412552, 1.962674105016e-06, 2.5456024843606e-08, -1.9626722860266e-06, 1, 1.0000057220459, -0.00034233508631587, -2.6127899843686e-08), vec3.new(1, 0.40000000596046, 3), vec3.new(0.41176471114159, 0.25098040699959, 0.15686275064945)},
  {vec3.new(-2.0404195785522, 1.0001335144043, 16.970727920532), mat3.new(-1.0000058412552, 0.00034234343911521, 1.962674105016e-06, 1.9626722860266e-06, 2.5456010632752e-08, 1, 0.00034234343911521, 1.0000057220459, -2.6127899843686e-08), vec3.new(1, 0.80000001192093, 2), vec3.new(0.41176471114159, 0.25098040699959, 0.15686275064945)},
  {vec3.new(-3.0404272079468, 0.50014209747314, 16.971090316772), mat3.new(-1.0000058412552, 0.00034234343911521, 1.962674105016e-06, 1.9626722860266e-06, 2.5456010632752e-08, 1, 0.00034234343911521, 1.0000057220459, -2.6127899843686e-08), vec3.new(1, 0.80000001192093, 1), vec3.new(0.41176471114159, 0.25098040699959, 0.15686275064945)},
