local vec3 = require("algebra/vec3")
local mat3 = require("algebra/mat3")

return {
  WedgePart = {
  {vec3.new(-16.3125, 16.25, 15.5), mat3.new(0, 0, -1, -8.7422776573476e-08, -1, -0, -1, 8.7422776573476e-08, 0), vec3.new(15, 0.5, 0.375), vec3.new(1, 1, 1)};
  {vec3.new(-16.3125, 16.25, -11.75), mat3.new(0, 0, -1, -8.7422776573476e-08, -1, -0, -1, 8.7422776573476e-08, 0), vec3.new(19.5, 0.5, 0.375), vec3.new(1, 1, 1)};
  {vec3.new(20, 17.75, 31.1875), mat3.new(1, -8.7422776573476e-08, -0, -8.7422776573476e-08, -1, -0, -0, -0, -1), vec3.new(8, 0.5, 0.375), vec3.new(1, 1, 1)};
  {vec3.new(-19.249996185303, 17.75, 23.3125), mat3.new(-1, 8.7422776573476e-08, -0, -8.7422776573476e-08, -1, -0, -0, -0, 1), vec3.new(6.4999995231628, 0.5, 0.375), vec3.new(1, 1, 1)};
  {vec3.new(-19.25, 16.25, -21.1875), mat3.new(-1, 8.7422776573476e-08, -0, -8.7422776573476e-08, -1, -0, -0, -0, 1), vec3.new(6.5, 0.5, 0.375), vec3.new(1, 1, 1)};
  {vec3.new(20, 17.75, 25.3125), mat3.new(-1, 8.7422776573476e-08, -0, -8.7422776573476e-08, -1, -0, -0, -0, 1), vec3.new(8, 0.5, 0.375), vec3.new(1, 1, 1)};
  {vec3.new(11.25, 17.75, 39.6875), mat3.new(1, -8.7422776573476e-08, -0, -8.7422776573476e-08, -1, -0, -0, -0, -1), vec3.new(9.5, 0.5, 0.375), vec3.new(1, 1, 1)};
  {vec3.new(-8.0000076293945, 17.75, 31.1875), mat3.new(1, -8.7422776573476e-08, -0, -8.7422776573476e-08, -1, -0, -0, -0, -1), vec3.new(29.000015258789, 0.5, 0.375), vec3.new(1, 1, 1)};
  {vec3.new(11.25, 17.75, 22.8125), mat3.new(-1, 8.7422776573476e-08, -0, -8.7422776573476e-08, -1, -0, -0, -0, 1), vec3.new(9.5, 0.5, 0.375), vec3.new(1, 1, 1)};
  {vec3.new(-4.7499980926514, 17.75, 25.3125), mat3.new(-1, 8.7422776573476e-08, -0, -8.7422776573476e-08, -1, -0, -0, -0, 1), vec3.new(22.500003814697, 0.5, 0.375), vec3.new(1, 1, 1)};
  {vec3.new(-13.5, 16.25, -1.6875), mat3.new(-1, 8.7422776573476e-08, -0, -8.7422776573476e-08, -1, -0, -0, -0, 1), vec3.new(5, 0.5, 0.375), vec3.new(1, 1, 1)};
  {vec3.new(-11.3125, 16.25, 3), mat3.new(0, 0, -1, -8.7422776573476e-08, -1, -0, -1, 8.7422776573476e-08, 0), vec3.new(10, 0.5, 0.375), vec3.new(1, 1, 1)};
  {vec3.new(-13.5, 16.25, 7.6875), mat3.new(1, -8.7422776573476e-08, -0, -8.7422776573476e-08, -1, -0, -0, -0, -1), vec3.new(5, 0.5, 0.375), vec3.new(1, 1, 1)};
  {vec3.new(15.6875, 17.75, 23.75), mat3.new(0, 0, -1, -8.7422776573476e-08, -1, -0, -1, 8.7422776573476e-08, 0), vec3.new(2.4999992847443, 0.5, 0.375), vec3.new(1, 1, 1)};
  {vec3.new(6.8125, 17.75, 23.750003814697), mat3.new(0, 0, 1, -8.7422776573476e-08, -1, -0, 1, -8.7422776573476e-08, 0), vec3.new(2.4999992847443, 0.5, 0.375), vec3.new(1, 1, 1)};
  {vec3.new(23.6875, 17.75, 28.249992370605), mat3.new(0, 0, -1, -8.7422776573476e-08, -1, -0, -1, 8.7422776573476e-08, 0), vec3.new(6.4999980926514, 0.5, 0.375), vec3.new(1, 1, 1)};
  {vec3.new(15.6875, 17.75, 35.749984741211), mat3.new(0, 0, -1, -8.7422776573476e-08, -1, -0, -1, 8.7422776573476e-08, 0), vec3.new(8.4999980926514, 0.5, 0.375), vec3.new(1, 1, 1)};
  {vec3.new(6.8125, 17.75, 35.749992370605), mat3.new(0, 0, 1, -8.7422776573476e-08, -1, -0, 1, -8.7422776573476e-08, 0), vec3.new(8.4999980926514, 0.5, 0.375), vec3.new(1, 1, 1)};
  {vec3.new(-22.1875, 17.75, 27.25), mat3.new(0, 0, 1, -8.7422776573476e-08, -1, -0, 1, -8.7422776573476e-08, 0), vec3.new(8.5, 0.5, 0.375), vec3.new(1, 1, 1)};
  {vec3.new(-16.3125, 17.75, 24), mat3.new(0, 0, -1, -8.7422776573476e-08, -1, -0, -1, 8.7422776573476e-08, 0), vec3.new(2.0000004768372, 0.5, 0.375), vec3.new(1, 1, 1)};
  {vec3.new(-22.1875, 16.25, 0.75), mat3.new(0, 0, 1, -8.7422776573476e-08, -1, -0, 1, -8.7422776573476e-08, 0), vec3.new(44.5, 0.5, 0.375), vec3.new(1, 1, 1)};
  {vec3.new(32.5, 13.5, 28.25), mat3.new(0, 0, -1, 0, -1, -0, -1, -0, -0), vec3.new(6.5, 4, 6), vec3.new(0.54117649793625, 0.54901963472366, 0.52156865596771)};
  {vec3.new(-12.750004768372, 7.125, 25.049999237061), mat3.new(1, 0, -0, 0, 1, -0, -0, -0, 1), vec3.new(6.4999985694885, 0.25, 0.10000000149012), vec3.new(1, 1, 1)};
  {vec3.new(-16.049999237061, 7.1299996376038, 16.500007629395), mat3.new(0, 0, -1, 0, 1, -0, 1, -0, 0), vec3.new(16.999988555908, 0.25, 0.10000000149012), vec3.new(1, 1, 1)};
  {vec3.new(-16.049999237061, 7.1299996376038, -11.750002861023), mat3.new(0, 0, -1, 0, 1, -0, 1, -0, 0), vec3.new(19.499994277954, 0.25, 0.10000000149012), vec3.new(1, 1, 1)};
  {vec3.new(-22.450000762939, 7.125, 0.75000190734863), mat3.new(0, 0, 1, 0, 1, -0, -1, -0, 0), vec3.new(44.499992370605, 0.25, 0.10000000149012), vec3.new(1, 1, 1)};
  {vec3.new(-22.450000762939, 7.125, 30.999998092651), mat3.new(0, 0, 1, 0, 1, -0, -1, -0, 0), vec3.new(0.99999564886093, 0.25, 0.10000000149012), vec3.new(1, 1, 1)};
  {vec3.new(-24.449996948242, 7.1299996376038, 26.75), mat3.new(0, 0, 1, 0, 1, -0, -1, -0, 0), vec3.new(7.4999947547913, 0.25, 0.10000000149012), vec3.new(1, 1, 1)};
  {vec3.new(6.5500001907349, 7.125, 35.749996185303), mat3.new(0, 0, 1, 0, 1, -0, -1, -0, 0), vec3.new(8.4999961853027, 0.25, 0.10000000149012), vec3.new(1, 1, 1)};
  {vec3.new(15.949999809265, 7.125, 35.75), mat3.new(0, 0, -1, 0, 1, -0, 1, -0, 0), vec3.new(8.4999961853027, 0.25, 0.10000000149012), vec3.new(1, 1, 1)};
  {vec3.new(23.950000762939, 7.125, 31), mat3.new(0, 0, -1, 0, 1, -0, 1, -0, 0), vec3.new(0.99999582767487, 0.25, 0.10000000149012), vec3.new(1, 1, 1)};
  {vec3.new(23.950000762939, 7.125, 25.499998092651), mat3.new(0, 0, -1, 0, 1, -0, 1, -0, 0), vec3.new(0.99999582767487, 0.25, 0.099999912083149), vec3.new(1, 1, 1)};
  {vec3.new(20.000011444092, 7.125, 25.049999237061), mat3.new(1, 0, -0, 0, 1, -0, -0, -0, 1), vec3.new(7.9999899864197, 0.25, 0.099999912083149), vec3.new(1, 1, 1)};
  {vec3.new(20.000009536743, 7.125, 31.450000762939), mat3.new(-1, 0, -0, 0, 1, -0, -0, -0, -1), vec3.new(7.9999890327454, 0.25, 0.099999912083149), vec3.new(1, 1, 1)};
  {vec3.new(-16.500003814697, 7.125, -21.450000762939), mat3.new(1, 0, -0, 0, 1, -0, -0, -0, 1), vec3.new(0.99999856948853, 0.25, 0.10000000149012), vec3.new(1, 1, 1)};
  {vec3.new(-22.000005722046, 7.125, -21.450000762939), mat3.new(1, 0, -0, 0, 1, -0, -0, -0, 1), vec3.new(0.99999856948853, 0.25, 0.10000000149012), vec3.new(1, 1, 1)};
  {vec3.new(-11.050000190735, 7.1299996376038, 2.9999971389771), mat3.new(0, 0, -1, 0, 1, -0, 1, -0, 0), vec3.new(9.9999904632568, 0.25, 0.10000000149012), vec3.new(1, 1, 1)};
  {vec3.new(-13.49999332428, 7.1299996376038, -1.9499999284744), mat3.new(1, 0, -0, 0, 1, -0, -0, -0, 1), vec3.new(4.9999976158142, 0.25, 0.10000000149012), vec3.new(1, 1, 1)};
  {vec3.new(-13.499999046326, 7.125, 7.9499998092651), mat3.new(-1, 0, -0, 0, 1, -0, -0, -0, -1), vec3.new(4.9999976158142, 0.25, 0.10000000149012), vec3.new(1, 1, 1)};
  {vec3.new(-23.499996185303, 7.1299996376038, 23.049999237061), mat3.new(1, 0, -0, 0, 1, -0, -0, -0, 1), vec3.new(1.9999986886978, 0.25, 0.10000000149012), vec3.new(1, 1, 1)};
  {vec3.new(-23.500005722046, 7.125, 30.450000762939), mat3.new(-1, 0, -0, 0, 1, -0, -0, -0, -1), vec3.new(1.9999986886978, 0.25, 0.10000000149012), vec3.new(1, 1, 1)};
  {vec3.new(-8.0000057220459, 7.125, 31.450000762939), mat3.new(-1, 0, -0, 0, 1, -0, -0, -0, -1), vec3.new(29.000003814697, 0.25, 0.10000000149012), vec3.new(1, 1, 1)};
  {vec3.new(11.25, 7.1299996376038, 22.549999237061), mat3.new(1, 0, -0, 0, 1, -0, -0, -0, 1), vec3.new(9.4999952316284, 0.25, 0.099999912083149), vec3.new(1, 1, 1)};
  {vec3.new(6.5500001907349, 7.125, 23.749994277954), mat3.new(0, 0, 1, 0, 1, -0, -1, -0, 0), vec3.new(2.4999940395355, 0.25, 0.099999912083149), vec3.new(1, 1, 1)};
  {vec3.new(15.949999809265, 7.1299996376038, 23.75), mat3.new(0, 0, -1, 0, 1, -0, 1, -0, 0), vec3.new(2.4999940395355, 0.25, 0.099999912083149), vec3.new(1, 1, 1)};
  {vec3.new(0.74999475479126, 7.125, 25.049999237061), mat3.new(1, 0, -0, 0, 1, -0, -0, -0, 1), vec3.new(11.499996185303, 0.25, 0.099999912083149), vec3.new(1, 1, 1)};
  {vec3.new(7.125, 7.125, 39.949993133545), mat3.new(-1, 0, -0, 0, 1, -0, -0, -0, -1), vec3.new(1.25, 0.25, 0.10000000149012), vec3.new(1, 1, 1)};
  {vec3.new(15.375, 7.125, 39.949989318848), mat3.new(-1, 0, -0, 0, 1, -0, -0, -0, -1), vec3.new(1.25, 0.25, 0.10000000149012), vec3.new(1, 1, 1)};
  {vec3.new(-13.5, 7.125, 25.549999237061), mat3.new(1, 0, -0, 0, 1, -0, -0, -0, 1), vec3.new(0.99999821186066, 0.25, 0.10000000149012), vec3.new(1, 1, 1)};
  {vec3.new(-2.0000009536743, 7.125, 25.549999237061), mat3.new(1, 0, -0, 0, 1, -0, -0, -0, 1), vec3.new(0.99999821186066, 0.25, 0.10000000149012), vec3.new(1, 1, 1)};
  {vec3.new(-1.999999165535, 7.125, 30.950000762939), mat3.new(-1, 0, -0, 0, 1, -0, -0, -0, -1), vec3.new(0.99999821186066, 0.25, 0.10000000149012), vec3.new(1, 1, 1)};
  {vec3.new(-13.499999046326, 7.125, 30.950000762939), mat3.new(-1, 0, -0, 0, 1, -0, -0, -0, -1), vec3.new(0.99999821186066, 0.25, 0.10000000149012), vec3.new(1, 1, 1)};
  {vec3.new(-2.5499999523163, 7.125, 31.249998092651), mat3.new(0, 0, -1, 0, 1, -0, 1, -0, 0), vec3.new(0.49999812245369, 0.25, 0.10000000149012), vec3.new(1, 1, 1)};
  {vec3.new(-2.5499999523163, 7.125, 25.25), mat3.new(0, 0, -1, 0, 1, -0, 1, -0, 0), vec3.new(0.49999812245369, 0.25, 0.10000000149012), vec3.new(1, 1, 1)};
  {vec3.new(-14.050000190735, 7.125, 25.25), mat3.new(0, 0, -1, 0, 1, -0, 1, -0, 0), vec3.new(0.49999812245369, 0.25, 0.10000000149012), vec3.new(1, 1, 1)};
  {vec3.new(-14.050000190735, 7.125, 31.25), mat3.new(0, 0, -1, 0, 1, -0, 1, -0, 0), vec3.new(0.49999812245369, 0.25, 0.10000000149012), vec3.new(1, 1, 1)};
  {vec3.new(-12.949999809265, 7.125, 31.250001907349), mat3.new(0, 0, 1, 0, 1, -0, -1, -0, 0), vec3.new(0.49999812245369, 0.25, 0.10000000149012), vec3.new(1, 1, 1)};
  {vec3.new(-1.4499982595444, 7.1299996376038, 31.25), mat3.new(0, 0, 1, 0, 1, -0, -1, -0, 0), vec3.new(0.49999812245369, 0.25, 0.10000000149012), vec3.new(1, 1, 1)};
  {vec3.new(-1.4499982595444, 7.1299996376038, 25.24998664856), mat3.new(0, 0, 1, 0, 1, -0, -1, -0, 0), vec3.new(0.49999812245369, 0.25, 0.10000000149012), vec3.new(1, 1, 1)};
  {vec3.new(-12.950004577637, 7.1299996376038, 25.24998664856), mat3.new(0, 0, 1, 0, 1, -0, -1, -0, 0), vec3.new(0.49999812245369, 0.25, 0.10000000149012), vec3.new(1, 1, 1)};
  {vec3.new(-23.48194694519, 10.033331871033, 26.987119674683), mat3.new(-0.258864402771, 0, 0.96591371297836, 0, 1, -0, -0.96591371297836, -0, -0.258864402771), vec3.new(0.11249996721745, 0.46666663885117, 0.19999980926514), vec3.new(0.63921570777893, 0.63529413938522, 0.64705884456635)};
  {vec3.new(-23.618173599243, 10.133331298828, 25.997608184814), mat3.new(0.25886434316635, 0, 0.96591371297836, 0, 1, -0, -0.96591371297836, -0, 0.25886434316635), vec3.new(0.099999964237213, 0.66666668653488, 0.19999980926514), vec3.new(0.63921570777893, 0.63529413938522, 0.64705884456635)};
  {vec3.new(-23.424179077148, 10.133331298828, 24.583650588989), mat3.new(0.25886434316635, 0, 0.96591371297836, 0, 1, -0, -0.96591371297836, -0, 0.25886434316635), vec3.new(0.10000000149012, 0.66666668653488, 0.20000001788139), vec3.new(0.63921570777893, 0.63529413938522, 0.64705884456635)};
  {vec3.new(-23.500001907349, 10.099999427795, 28.000001907349), mat3.new(0, 0, 1, 0, 1, -0, -1, -0, 0), vec3.new(0.099999964237213, 0.60000002384186, 0.19999980926514), vec3.new(0.63921570777893, 0.63529413938522, 0.64705884456635)};
  {vec3.new(9.5476083755493, 10.500000953674, 23.681829452515), mat3.new(0.96592962741852, 0, 0.25880479812622, 0, 1, -0, -0.25880479812622, -0, 0.96592962741852), vec3.new(0.13749997317791, 1.0000001192093, 0.19999980926514), vec3.new(0.63921570777893, 0.63529413938522, 0.64705884456635)};
  {vec3.new(31.75, 4.5000019073486, 28.25), mat3.new(0, 0, 1, 0, 1, -0, -1, -0, 0), vec3.new(6.5, 4.0000009536743, 6.5), vec3.new(0, 0, 1)};
  {vec3.new(79.5, 12.25, 25.3125), mat3.new(-1, 8.7422776573476e-08, -0, -8.7422776573476e-08, -1, -0, -0, -0, 1), vec3.new(15, 0.5, 0.375), vec3.new(1, 1, 1)};
  {vec3.new(52.25, 12.25, 25.3125), mat3.new(-1, 8.7422776573476e-08, -0, -8.7422776573476e-08, -1, -0, -0, -0, 1), vec3.new(19.5, 0.5, 0.375), vec3.new(1, 1, 1)};
  {vec3.new(95.1875, 13.75, -11), mat3.new(0, 0, -1, -8.7422776573476e-08, -1, -0, -1, 8.7422776573476e-08, 0), vec3.new(8, 0.5, 0.375), vec3.new(1, 1, 1)};
  {vec3.new(87.3125, 13.75, 28.249996185303), mat3.new(0, 0, 1, -8.7422776573476e-08, -1, -0, 1, -8.7422776573476e-08, 0), vec3.new(6.4999995231628, 0.5, 0.375), vec3.new(1, 1, 1)};
  {vec3.new(42.8125, 12.25, 28.25), mat3.new(0, 0, 1, -8.7422776573476e-08, -1, -0, 1, -8.7422776573476e-08, 0), vec3.new(6.5, 0.5, 0.375), vec3.new(1, 1, 1)};
  {vec3.new(89.3125, 13.75, -11), mat3.new(0, 0, 1, -8.7422776573476e-08, -1, -0, 1, -8.7422776573476e-08, 0), vec3.new(8, 0.5, 0.375), vec3.new(1, 1, 1)};
  {vec3.new(103.6875, 13.75, -2.25), mat3.new(0, 0, -1, -8.7422776573476e-08, -1, -0, -1, 8.7422776573476e-08, 0), vec3.new(9.5, 0.5, 0.375), vec3.new(1, 1, 1)};
  {vec3.new(95.1875, 13.75, 17.000007629395), mat3.new(0, 0, -1, -8.7422776573476e-08, -1, -0, -1, 8.7422776573476e-08, 0), vec3.new(29.000015258789, 0.5, 0.375), vec3.new(1, 1, 1)};
  {vec3.new(86.8125, 13.75, -2.25), mat3.new(0, 0, 1, -8.7422776573476e-08, -1, -0, 1, -8.7422776573476e-08, 0), vec3.new(9.5, 0.5, 0.375), vec3.new(1, 1, 1)};
  {vec3.new(89.3125, 13.75, 13.749998092651), mat3.new(0, 0, 1, -8.7422776573476e-08, -1, -0, 1, -8.7422776573476e-08, 0), vec3.new(22.500003814697, 0.5, 0.375), vec3.new(1, 1, 1)};
  {vec3.new(62.3125, 12.25, 22.5), mat3.new(0, 0, 1, -8.7422776573476e-08, -1, -0, 1, -8.7422776573476e-08, 0), vec3.new(5, 0.5, 0.375), vec3.new(1, 1, 1)};
  {vec3.new(67, 12.25, 20.3125), mat3.new(-1, 8.7422776573476e-08, -0, -8.7422776573476e-08, -1, -0, -0, -0, 1), vec3.new(10, 0.5, 0.375), vec3.new(1, 1, 1)};
  {vec3.new(71.6875, 12.25, 22.5), mat3.new(0, 0, -1, -8.7422776573476e-08, -1, -0, -1, 8.7422776573476e-08, 0), vec3.new(5, 0.5, 0.375), vec3.new(1, 1, 1)};
  {vec3.new(87.75, 13.75, -6.6875), mat3.new(-1, 8.7422776573476e-08, -0, -8.7422776573476e-08, -1, -0, -0, -0, 1), vec3.new(2.4999992847443, 0.5, 0.375), vec3.new(1, 1, 1)};
  {vec3.new(87.75, 13.75, 2.1875), mat3.new(1, -8.7422776573476e-08, -0, -8.7422776573476e-08, -1, -0, -0, -0, -1), vec3.new(2.4999992847443, 0.5, 0.375), vec3.new(1, 1, 1)};
  {vec3.new(92.249992370605, 13.75, -14.6875), mat3.new(-1, 8.7422776573476e-08, -0, -8.7422776573476e-08, -1, -0, -0, -0, 1), vec3.new(6.4999980926514, 0.5, 0.375), vec3.new(1, 1, 1)};
  {vec3.new(99.749984741211, 13.75, -6.6875), mat3.new(-1, 8.7422776573476e-08, -0, -8.7422776573476e-08, -1, -0, -0, -0, 1), vec3.new(8.4999980926514, 0.5, 0.375), vec3.new(1, 1, 1)};
  {vec3.new(99.749992370605, 13.75, 2.1875), mat3.new(1, -8.7422776573476e-08, -0, -8.7422776573476e-08, -1, -0, -0, -0, -1), vec3.new(8.4999980926514, 0.5, 0.375), vec3.new(1, 1, 1)};
  {vec3.new(91.25, 13.75, 31.1875), mat3.new(1, -8.7422776573476e-08, -0, -8.7422776573476e-08, -1, -0, -0, -0, -1), vec3.new(8.5, 0.5, 0.375), vec3.new(1, 1, 1)};
  {vec3.new(88, 13.75, 25.3125), mat3.new(-1, 8.7422776573476e-08, -0, -8.7422776573476e-08, -1, -0, -0, -0, 1), vec3.new(2.0000004768372, 0.5, 0.375), vec3.new(1, 1, 1)};
  {vec3.new(64.75, 12.25, 31.1875), mat3.new(1, -8.7422776573476e-08, -0, -8.7422776573476e-08, -1, -0, -0, -0, -1), vec3.new(44.5, 0.5, 0.375), vec3.new(1, 1, 1)};
  {vec3.new(92.25, 9.5, -23.5), mat3.new(-1, 0, -0, 0, -1, -0, -0, -0, 1), vec3.new(6.5, 4, 6), vec3.new(0.54117649793625, 0.54901963472366, 0.52156865596771)};
  {vec3.new(89.050003051758, 3.125, 21.750003814697), mat3.new(0, 0, 1, 0, 1, -0, -1, -0, 0), vec3.new(6.4999985694885, 0.25, 0.10000000149012), vec3.new(1, 1, 1)};
  {vec3.new(80.500007629395, 3.1299996376038, 25.049999237061), mat3.new(1, 0, -0, 0, 1, -0, -0, -0, 1), vec3.new(16.999988555908, 0.25, 0.10000000149012), vec3.new(1, 1, 1)};
  {vec3.new(52.249996185303, 3.1299996376038, 25.049999237061), mat3.new(1, 0, -0, 0, 1, -0, -0, -0, 1), vec3.new(19.499994277954, 0.25, 0.10000000149012), vec3.new(1, 1, 1)};
  {vec3.new(64.75, 3.125, 31.450000762939), mat3.new(-1, 0, -0, 0, 1, -0, -0, -0, -1), vec3.new(44.499992370605, 0.25, 0.10000000149012), vec3.new(1, 1, 1)};
  {vec3.new(95, 3.125, 31.450000762939), mat3.new(-1, 0, -0, 0, 1, -0, -0, -0, -1), vec3.new(0.99999564886093, 0.25, 0.10000000149012), vec3.new(1, 1, 1)};
  {vec3.new(90.75, 3.1299996376038, 33.449996948242), mat3.new(-1, 0, -0, 0, 1, -0, -0, -0, -1), vec3.new(7.4999947547913, 0.25, 0.10000000149012), vec3.new(1, 1, 1)};
  {vec3.new(99.75, 3.125, 2.4500007629395), mat3.new(-1, 0, -0, 0, 1, -0, -0, -0, -1), vec3.new(8.4999961853027, 0.25, 0.10000000149012), vec3.new(1, 1, 1)};
  {vec3.new(99.75, 3.125, -6.9500007629395), mat3.new(1, 0, -0, 0, 1, -0, -0, -0, 1), vec3.new(8.4999961853027, 0.25, 0.10000000149012), vec3.new(1, 1, 1)};
  {vec3.new(95, 3.125, -14.950000762939), mat3.new(1, 0, -0, 0, 1, -0, -0, -0, 1), vec3.new(0.99999582767487, 0.25, 0.10000000149012), vec3.new(1, 1, 1)};
  {vec3.new(89.5, 3.125, -14.950000762939), mat3.new(1, 0, -0, 0, 1, -0, -0, -0, 1), vec3.new(0.99999582767487, 0.25, 0.099999912083149), vec3.new(1, 1, 1)};
  {vec3.new(89.050003051758, 3.125, -11.000011444092), mat3.new(0, 0, 1, 0, 1, -0, -1, -0, 0), vec3.new(7.9999899864197, 0.25, 0.099999912083149), vec3.new(1, 1, 1)};
  {vec3.new(95.449996948242, 3.125, -11.000007629395), mat3.new(0, 0, -1, 0, 1, -0, 1, -0, 0), vec3.new(7.9999890327454, 0.25, 0.099999912083149), vec3.new(1, 1, 1)};
  {vec3.new(42.549999237061, 3.125, 25.500003814697), mat3.new(0, 0, 1, 0, 1, -0, -1, -0, 0), vec3.new(0.99999856948853, 0.25, 0.10000000149012), vec3.new(1, 1, 1)};
  {vec3.new(42.549999237061, 3.125, 31.000005722046), mat3.new(0, 0, 1, 0, 1, -0, -1, -0, 0), vec3.new(0.99999856948853, 0.25, 0.10000000149012), vec3.new(1, 1, 1)};
  {vec3.new(67, 3.1299996376038, 20.049999237061), mat3.new(1, 0, -0, 0, 1, -0, -0, -0, 1), vec3.new(9.9999904632568, 0.25, 0.10000000149012), vec3.new(1, 1, 1)};
  {vec3.new(62.049999237061, 3.1299996376038, 22.499992370605), mat3.new(0, 0, 1, 0, 1, -0, -1, -0, 0), vec3.new(4.9999976158142, 0.25, 0.10000000149012), vec3.new(1, 1, 1)};
  {vec3.new(71.949996948242, 3.125, 22.5), mat3.new(0, 0, -1, 0, 1, -0, 1, -0, 0), vec3.new(4.9999976158142, 0.25, 0.10000000149012), vec3.new(1, 1, 1)};
  {vec3.new(87.050003051758, 3.1299996376038, 32.499996185303), mat3.new(0, 0, 1, 0, 1, -0, -1, -0, 0), vec3.new(1.9999986886978, 0.25, 0.10000000149012), vec3.new(1, 1, 1)};
  {vec3.new(94.449996948242, 3.125, 32.500007629395), mat3.new(0, 0, -1, 0, 1, -0, 1, -0, 0), vec3.new(1.9999986886978, 0.25, 0.10000000149012), vec3.new(1, 1, 1)};
  {vec3.new(95.449996948242, 3.125, 17.000005722046), mat3.new(0, 0, -1, 0, 1, -0, 1, -0, 0), vec3.new(29.000003814697, 0.25, 0.10000000149012), vec3.new(1, 1, 1)};
  {vec3.new(86.550003051758, 3.1299996376038, -2.25), mat3.new(0, 0, 1, 0, 1, -0, -1, -0, 0), vec3.new(9.4999952316284, 0.25, 0.099999912083149), vec3.new(1, 1, 1)};
  {vec3.new(87.749992370605, 3.125, 2.4500007629395), mat3.new(-1, 0, -0, 0, 1, -0, -0, -0, -1), vec3.new(2.4999940395355, 0.25, 0.099999912083149), vec3.new(1, 1, 1)};
  {vec3.new(87.75, 3.1299996376038, -6.9500007629395), mat3.new(1, 0, -0, 0, 1, -0, -0, -0, 1), vec3.new(2.4999940395355, 0.25, 0.099999912083149), vec3.new(1, 1, 1)};
  {vec3.new(89.050003051758, 3.125, 8.2500057220459), mat3.new(0, 0, 1, 0, 1, -0, -1, -0, 0), vec3.new(11.499996185303, 0.25, 0.099999912083149), vec3.new(1, 1, 1)};
  {vec3.new(103.94999694824, 3.125, 1.875), mat3.new(0, 0, -1, 0, 1, -0, 1, -0, 0), vec3.new(1.25, 0.25, 0.10000000149012), vec3.new(1, 1, 1)};
  {vec3.new(103.94998931885, 3.125, -6.375), mat3.new(0, 0, -1, 0, 1, -0, 1, -0, 0), vec3.new(1.25, 0.25, 0.10000000149012), vec3.new(1, 1, 1)};
  {vec3.new(89.550003051758, 3.125, 22.5), mat3.new(0, 0, 1, 0, 1, -0, -1, -0, 0), vec3.new(0.99999821186066, 0.25, 0.10000000149012), vec3.new(1, 1, 1)};
  {vec3.new(89.550003051758, 3.125, 11), mat3.new(0, 0, 1, 0, 1, -0, -1, -0, 0), vec3.new(0.99999821186066, 0.25, 0.10000000149012), vec3.new(1, 1, 1)};
  {vec3.new(94.949996948242, 3.125, 11), mat3.new(0, 0, -1, 0, 1, -0, 1, -0, 0), vec3.new(0.99999821186066, 0.25, 0.10000000149012), vec3.new(1, 1, 1)};
  {vec3.new(94.949996948242, 3.125, 22.5), mat3.new(0, 0, -1, 0, 1, -0, 1, -0, 0), vec3.new(0.99999821186066, 0.25, 0.10000000149012), vec3.new(1, 1, 1)};
  {vec3.new(95.25, 3.125, 11.549999237061), mat3.new(1, 0, -0, 0, 1, -0, -0, -0, 1), vec3.new(0.49999812245369, 0.25, 0.10000000149012), vec3.new(1, 1, 1)};
  {vec3.new(89.25, 3.125, 11.549999237061), mat3.new(1, 0, -0, 0, 1, -0, -0, -0, 1), vec3.new(0.49999812245369, 0.25, 0.10000000149012), vec3.new(1, 1, 1)};
  {vec3.new(89.25, 3.125, 23.049999237061), mat3.new(1, 0, -0, 0, 1, -0, -0, -0, 1), vec3.new(0.49999812245369, 0.25, 0.10000000149012), vec3.new(1, 1, 1)};
  {vec3.new(95.25, 3.125, 23.049999237061), mat3.new(1, 0, -0, 0, 1, -0, -0, -0, 1), vec3.new(0.49999812245369, 0.25, 0.10000000149012), vec3.new(1, 1, 1)};
  {vec3.new(95.25, 3.125, 21.950000762939), mat3.new(-1, 0, -0, 0, 1, -0, -0, -0, -1), vec3.new(0.49999812245369, 0.25, 0.10000000149012), vec3.new(1, 1, 1)};
  {vec3.new(95.25, 3.1299996376038, 10.449998855591), mat3.new(-1, 0, -0, 0, 1, -0, -0, -0, -1), vec3.new(0.49999812245369, 0.25, 0.10000000149012), vec3.new(1, 1, 1)};
  {vec3.new(89.249984741211, 3.1299996376038, 10.449998855591), mat3.new(-1, 0, -0, 0, 1, -0, -0, -0, -1), vec3.new(0.49999812245369, 0.25, 0.10000000149012), vec3.new(1, 1, 1)};
  {vec3.new(89.249984741211, 3.1299996376038, 21.950004577637), mat3.new(-1, 0, -0, 0, 1, -0, -0, -0, -1), vec3.new(0.49999812245369, 0.25, 0.10000000149012), vec3.new(1, 1, 1)};
  {vec3.new(90.987121582031, 6.0333318710327, 32.481948852539), mat3.new(-0.96591371297836, 0, -0.258864402771, 0, 1, -0, 0.258864402771, -0, -0.96591371297836), vec3.new(0.11249996721745, 0.46666663885117, 0.19999980926514), vec3.new(0.63921570777893, 0.63529413938522, 0.64705884456635)};
  {vec3.new(89.997604370117, 6.1333317756653, 32.618171691895), mat3.new(-0.96591371297836, 0, 0.25886434316635, 0, 1, -0, -0.25886434316635, -0, -0.96591371297836), vec3.new(0.099999964237213, 0.66666668653488, 0.19999980926514), vec3.new(0.63921570777893, 0.63529413938522, 0.64705884456635)};
  {vec3.new(88.583648681641, 6.1333317756653, 32.424179077148), mat3.new(-0.96591371297836, 0, 0.25886434316635, 0, 1, -0, -0.25886434316635, -0, -0.96591371297836), vec3.new(0.10000000149012, 0.66666668653488, 0.20000001788139), vec3.new(0.63921570777893, 0.63529413938522, 0.64705884456635)};
  {vec3.new(92, 6.0999994277954, 32.5), mat3.new(-1, 0, -0, 0, 1, -0, -0, -0, -1), vec3.new(0.099999964237213, 0.60000002384186, 0.19999980926514), vec3.new(0.63921570777893, 0.63529413938522, 0.64705884456635)};
  {vec3.new(87.681823730469, 6.5000009536743, -0.54760819673538), mat3.new(-0.25880479812622, 0, 0.96592962741852, 0, 1, -0, -0.96592962741852, -0, -0.25880479812622), vec3.new(0.13749997317791, 1.0000001192093, 0.19999980926514), vec3.new(0.63921570777893, 0.63529413938522, 0.64705884456635)};
  {vec3.new(92.25, 0.50000190734863, -22.75), mat3.new(-1, 0, -0, 0, 1, -0, -0, -0, -1), vec3.new(6.5, 4.0000009536743, 6.5), vec3.new(0, 0, 1)};
  };
  MeshPart = {
  {vec3.new(-13.155014038086, 6.6649861335754, 4.3349928855896), mat3.new(0.49993896484375, 0.86606061458588, -1.1861324310303e-05, -1.1861324310303e-05, 2.0503997802734e-05, 1, 0.86606061458588, -0.49993896484375, 2.0503997802734e-05), vec3.new(0.25, 0.44999998807907, 0.25), vec3.new(0.63921570777893, 0.63529413938522, 0.64705884456635)};
  {vec3.new(-13.431672096252, 6.6649861335754, 6.561653137207), mat3.new(-0.70706033706665, 0.70715320110321, 1.3381242752075e-05, -1.3381242752075e-05, -3.2305717468262e-05, 1, 0.70715320110321, 0.70706033706665, 3.2305717468262e-05), vec3.new(0.25, 0.44999998807907, 0.25), vec3.new(0.63921570777893, 0.63529413938522, 0.64705884456635)};
  {vec3.new(-21.394985198975, 6.7650065422058, 31.11498260498), mat3.new(1, 0, -0, 0, 1, -0, -0, -0, 1), vec3.new(0.25, 0.44999998807907, 0.25), vec3.new(0.63921570777893, 0.63529413938522, 0.64705884456635)};
  {vec3.new(-22.164985656738, 6.6649861335754, 4.0150060653687), mat3.new(1, 0, 0, 0, 0, -1, -0, 1, 0), vec3.new(0.25, 0.44999998807907, 0.25), vec3.new(0.63921570777893, 0.63529413938522, 0.64705884456635)};
  {vec3.new(-13.618054389954, 6.6649861335754, 7.4483485221863), mat3.new(0.86604011058807, 0.49997454881668, 5.5283308029175e-06, 5.5283308029175e-06, -2.0623207092285e-05, 0.99999994039536, 0.49997454881668, -0.86604005098343, -2.0623207092285e-05), vec3.new(0.25, 0.44999998807907, 0.25), vec3.new(0.63921570777893, 0.63529413938522, 0.64705884456635)};
  {vec3.new(-11.384985923767, 7.0399808883667, 5.6049861907959), mat3.new(1, 0, -0, 0, 1, -0, -0, -0, 1), vec3.new(0.25, 1, 0.25), vec3.new(0.6235294342041, 0.63137257099152, 0.6745098233223)};
  {vec3.new(-11.414986610413, 7.0399813652039, 5.2349858283997), mat3.new(1, 0, -0, 0, 1, -0, -0, -0, 1), vec3.new(0.25, 1, 0.25), vec3.new(0.10588235408068, 0.16470588743687, 0.20784313976765)};
  {vec3.new(-22.194986343384, 6.7650065422058, 23.194984436035), mat3.new(1, 0, -0, 0, 1, -0, -0, -0, 1), vec3.new(0.25, 0.44999998807907, 0.25), vec3.new(0.63921570777893, 0.63529413938522, 0.64705884456635)};
  {vec3.new(20.601291656494, 6.6649861335754, 31.034992218018), mat3.new(0.70706033706665, -0.70715320110321, 1.3381242752075e-05, 1.3381242752075e-05, 3.2305717468262e-05, 1, -0.70715320110321, -0.70706033706665, 3.2305717468262e-05), vec3.new(0.25, 0.44999998807907, 0.25), vec3.new(0.63921570777893, 0.63529413938522, 0.64705884456635)};
  {vec3.new(20.888477325439, 6.7650065422058, 30.964984893799), mat3.new(1, 0, -0, 0, 1, -0, -0, -0, 1), vec3.new(0.25, 0.44999998807907, 0.25), vec3.new(0.63921570777893, 0.63529413938522, 0.64705884456635)};
  {vec3.new(22.875015258789, 6.7650060653687, 25.42498588562), mat3.new(1, 0, -0, 0, 1, -0, -0, -0, 1), vec3.new(0.25, 0.44999998807907, 0.25), vec3.new(0.63921570777893, 0.63529413938522, 0.64705884456635)};
  {vec3.new(7.2893481254578, 6.6649861335754, 24.981441497803), mat3.new(1.2755393981934e-05, -0.96593886613846, -0.25877019762993, 0.99999994039536, 1.2755393981934e-05, 1.6689300537109e-06, 1.6689300537109e-06, -0.25877019762993, 0.9659389257431), vec3.new(0.25, 0.44999998807907, 0.25), vec3.new(0.63921570777893, 0.63529413938522, 0.64705884456635)};
  {vec3.new(14.988612174988, 6.6649861335754, 24.951169967651), mat3.new(2.0503997802734e-05, -0.49993896484375, -0.86606061458588, 1, 2.0503997802734e-05, 1.1861324310303e-05, 1.1861324310303e-05, -0.86606061458588, 0.49993896484375), vec3.new(0.25, 0.44999998807907, 0.25), vec3.new(0.63921570777893, 0.63529413938522, 0.64705884456635)};
  {vec3.new(-21.784992218018, 6.6649861335754, 24.174983978271), mat3.new(-1.2636184692383e-05, -0.96593886613846, -0.25877019762993, -0.99999994039536, 1.2755393981934e-05, 1.6689300537109e-06, 1.6689300537109e-06, 0.25877019762993, -0.96593880653381), vec3.new(0.25, 0.44999998807907, 0.25), vec3.new(0.63921570777893, 0.63529413938522, 0.64705884456635)};
  {vec3.new(-21.894992828369, 6.6649861335754, 25.174983978271), mat3.new(-2.0623207092285e-05, 0.86604017019272, -0.49997454881668, -1.0000001192093, -2.0623207092285e-05, 5.4985284805298e-06, -5.4985284805298e-06, 0.49997454881668, 0.86604011058807), vec3.new(0.25, 0.44999998807907, 0.25), vec3.new(0.63921570777893, 0.63529413938522, 0.64705884456635)};
  {vec3.new(-16.545007705688, 6.6649861335754, 24.105014801025), mat3.new(-2.0623207092285e-05, -0.86604017019272, -0.49997454881668, 1.0000001192093, -2.0623207092285e-05, -5.4985284805298e-06, -5.4985284805298e-06, -0.49997454881668, 0.86604011058807), vec3.new(0.25, 0.44999998807907, 0.25), vec3.new(0.63921570777893, 0.63529413938522, 0.64705884456635)};
  {vec3.new(-16.705007553101, 6.6649861335754, 23.71501159668), mat3.new(0, -1, -0, 1, 0, 0, -0, -0, 1), vec3.new(0.25, 0.44999998807907, 0.25), vec3.new(0.63921570777893, 0.63529413938522, 0.64705884456635)};
  {vec3.new(-1.0586543083191, 6.6649861335754, 31.028699874878), mat3.new(-2.0623207092285e-05, 0.86604017019272, -0.49997454881668, -1.0000001192093, -2.0623207092285e-05, 5.4985284805298e-06, -5.4985284805298e-06, 0.49997454881668, 0.86604011058807), vec3.new(0.25, 0.44999998807907, 0.25), vec3.new(0.63921570777893, 0.63529413938522, 0.64705884456635)};
  {vec3.new(6.8072781562805, 6.6649861335754, 24.564273834229), mat3.new(2.2411346435547e-05, -0.25886940956116, -0.96591234207153, 1, 2.2411346435547e-05, 1.71959400177e-05, 1.71959400177e-05, -0.96591234207153, 0.25886940956116), vec3.new(0.25, 0.44999998807907, 0.25), vec3.new(0.63921570777893, 0.63529413938522, 0.64705884456635)};
  {vec3.new(-1.2281428575516, 6.7650065422058, 31.224309921265), mat3.new(1, 0, -0, 0, 1, -0, -0, -0, 1), vec3.new(0.25, 0.44999998807907, 0.25), vec3.new(0.63921570777893, 0.63529413938522, 0.64705884456635)};
  {vec3.new(-13.321897506714, 6.7650060653687, 5.2710919380188), mat3.new(1, 0, -0, 0, 1, -0, -0, -0, 1), vec3.new(0.25, 0.44999998807907, 0.25), vec3.new(0.63921570777893, 0.63529413938522, 0.64705884456635)};
  {vec3.new(-21.424993515015, 6.6649861335754, 29.204982757568), mat3.new(2.2411346435547e-05, 0.25886940956116, -0.96591234207153, -1, 2.2411346435547e-05, -1.71959400177e-05, 1.71959400177e-05, 0.96591234207153, 0.25886940956116), vec3.new(0.25, 0.44999998807907, 0.25), vec3.new(0.63921570777893, 0.63529413938522, 0.64705884456635)};
  {vec3.new(-11.605006217957, 6.6649861335754, -1.5949859619141), mat3.new(1.2755393981934e-05, -0.96593886613846, 0.25877019762993, 0.99999994039536, 1.2755393981934e-05, -1.6689300537109e-06, -1.6689300537109e-06, 0.25877019762993, 0.9659389257431), vec3.new(0.25, 0.44999998807907, 0.25), vec3.new(0.63921570777893, 0.63529413938522, 0.64705884456635)};
  {vec3.new(-13.87123298645, 6.6649861335754, 5.8999600410461), mat3.new(0.86604011058807, -0.49997454881668, -5.5283308029175e-06, -5.5283308029175e-06, -2.0623207092285e-05, 0.99999994039536, -0.49997454881668, -0.86604005098343, -2.0623207092285e-05), vec3.new(0.25, 0.44999998807907, 0.25), vec3.new(0.63921570777893, 0.63529413938522, 0.64705884456635)};
  {vec3.new(-11.316036224365, 6.7650060653687, 4.6149859428406), mat3.new(1, 0, -0, 0, 1, -0, -0, -0, 1), vec3.new(0.25, 0.44999998807907, 0.25), vec3.new(0.63921570777893, 0.63529413938522, 0.64705884456635)};
  {vec3.new(-16.703462600708, 6.7650060653687, -21.115282058716), mat3.new(1, 0, -0, 0, 1, -0, -0, -0, 1), vec3.new(0.25, 0.44999998807907, 0.25), vec3.new(0.63921570777893, 0.63529413938522, 0.64705884456635)};
  {vec3.new(23.635013580322, 7.0399813652039, 25.364986419678), mat3.new(1, 0, -0, 0, 1, -0, -0, -0, 1), vec3.new(0.25, 1, 0.25), vec3.new(0.6235294342041, 0.63137257099152, 0.6745098233223)};
  {vec3.new(23.635013580322, 7.0399813652039, 25.764986038208), mat3.new(1, 0, -0, 0, 1, -0, -0, -0, 1), vec3.new(0.25, 1, 0.25), vec3.new(0.6235294342041, 0.63137257099152, 0.6745098233223)};
  {vec3.new(-11.414986610413, 7.0399813652039, 4.8949861526489), mat3.new(1, 0, -0, 0, 1, -0, -0, -0, 1), vec3.new(0.25, 1, 0.25), vec3.new(0.10588235408068, 0.16470588743687, 0.20784313976765)};
  {vec3.new(-11.374985694885, 7.0399808883667, 4.3149862289429), mat3.new(1, 0, -0, 0, 1, -0, -0, -0, 1), vec3.new(0.25, 1, 0.25), vec3.new(0.10588235408068, 0.16470588743687, 0.20784313976765)};
  {vec3.new(-16.334985733032, 7.0399808883667, -20.955015182495), mat3.new(1, 0, -0, 0, 1, -0, -0, -0, 1), vec3.new(0.25, 1, 0.25), vec3.new(0.6235294342041, 0.63137257099152, 0.6745098233223)};
  {vec3.new(68.334991455078, 2.6649861335754, 22.155014038086), mat3.new(0.86606061458588, -0.49993896484375, 2.0503997802734e-05, -1.1861324310303e-05, 2.0503997802734e-05, 1, -0.49993896484375, -0.86606061458588, 1.1861324310303e-05), vec3.new(0.25, 0.44999998807907, 0.25), vec3.new(0.63921570777893, 0.63529413938522, 0.64705884456635)};
  {vec3.new(70.561653137207, 2.6649861335754, 22.431671142578), mat3.new(0.70715320110321, 0.70706033706665, 3.2305717468262e-05, -1.3381242752075e-05, -3.2305717468262e-05, 1, 0.70706033706665, -0.70715320110321, -1.3381242752075e-05), vec3.new(0.25, 0.44999998807907, 0.25), vec3.new(0.63921570777893, 0.63529413938522, 0.64705884456635)};
  {vec3.new(95.11498260498, 2.7650065422058, 30.394985198975), mat3.new(0, 0, 1, 0, 1, -0, -1, -0, 0), vec3.new(0.25, 0.44999998807907, 0.25), vec3.new(0.63921570777893, 0.63529413938522, 0.64705884456635)};
  {vec3.new(68.015007019043, 2.6649861335754, 31.164985656738), mat3.new(0, 1, -0, 0, 0, -1, -1, -0, 0), vec3.new(0.25, 0.44999998807907, 0.25), vec3.new(0.63921570777893, 0.63529413938522, 0.64705884456635)};
  {vec3.new(71.448348999023, 2.6649861335754, 22.618053436279), mat3.new(0.49997454881668, -0.86604005098343, -2.0623207092285e-05, 5.5283308029175e-06, -2.0623207092285e-05, 0.99999994039536, -0.86604011058807, -0.49997454881668, -5.5283308029175e-06), vec3.new(0.25, 0.44999998807907, 0.25), vec3.new(0.63921570777893, 0.63529413938522, 0.64705884456635)};
  {vec3.new(69.604988098145, 3.0399808883667, 20.384986877441), mat3.new(0, 0, 1, 0, 1, -0, -1, -0, 0), vec3.new(0.25, 1, 0.25), vec3.new(0.6235294342041, 0.63137257099152, 0.6745098233223)};
  {vec3.new(69.234985351563, 3.0399813652039, 20.414985656738), mat3.new(0, 0, 1, 0, 1, -0, -1, -0, 0), vec3.new(0.25, 1, 0.25), vec3.new(0.10588235408068, 0.16470588743687, 0.20784313976765)};
  {vec3.new(87.194984436035, 2.7650065422058, 31.194986343384), mat3.new(0, 0, 1, 0, 1, -0, -1, -0, 0), vec3.new(0.25, 0.44999998807907, 0.25), vec3.new(0.63921570777893, 0.63529413938522, 0.64705884456635)};
  {vec3.new(95.03498840332, 2.6649861335754, -11.601291656494), mat3.new(-0.70715320110321, -0.70706033706665, 3.2305717468262e-05, 1.3381242752075e-05, 3.2305717468262e-05, 1, -0.70706033706665, 0.70715320110321, -1.3381242752075e-05), vec3.new(0.25, 0.44999998807907, 0.25), vec3.new(0.63921570777893, 0.63529413938522, 0.64705884456635)};
  {vec3.new(94.964981079102, 2.7650065422058, -11.888477325439), mat3.new(0, 0, 1, 0, 1, -0, -1, -0, 0), vec3.new(0.25, 0.44999998807907, 0.25), vec3.new(0.63921570777893, 0.63529413938522, 0.64705884456635)};
  {vec3.new(89.424987792969, 2.7650060653687, -13.875015258789), mat3.new(0, 0, 1, 0, 1, -0, -1, -0, 0), vec3.new(0.25, 0.44999998807907, 0.25), vec3.new(0.63921570777893, 0.63529413938522, 0.64705884456635)};
  {vec3.new(88.9814453125, 2.6649861335754, 1.7106513977051), mat3.new(1.6689300537109e-06, -0.25877019762993, 0.9659389257431, 0.99999994039536, 1.2755393981934e-05, 1.6689300537109e-06, -1.2755393981934e-05, 0.96593886613846, 0.25877019762993), vec3.new(0.25, 0.44999998807907, 0.25), vec3.new(0.63921570777893, 0.63529413938522, 0.64705884456635)};
  {vec3.new(88.951171875, 2.6649861335754, -5.9886131286621), mat3.new(1.1861324310303e-05, -0.86606061458588, 0.49993896484375, 1, 2.0503997802734e-05, 1.1861324310303e-05, -2.0503997802734e-05, 0.49993896484375, 0.86606061458588), vec3.new(0.25, 0.44999998807907, 0.25), vec3.new(0.63921570777893, 0.63529413938522, 0.64705884456635)};
  {vec3.new(88.174987792969, 2.6649861335754, 30.784992218018), mat3.new(1.6689300537109e-06, 0.25877019762993, -0.96593880653381, -0.99999994039536, 1.2755393981934e-05, 1.6689300537109e-06, 1.2636184692383e-05, 0.96593886613846, 0.25877019762993), vec3.new(0.25, 0.44999998807907, 0.25), vec3.new(0.63921570777893, 0.63529413938522, 0.64705884456635)};
  {vec3.new(89.174987792969, 2.6649861335754, 30.894992828369), mat3.new(-5.4985284805298e-06, 0.49997454881668, 0.86604011058807, -1.0000001192093, -2.0623207092285e-05, 5.4985284805298e-06, 2.0623207092285e-05, -0.86604017019272, 0.49997454881668), vec3.new(0.25, 0.44999998807907, 0.25), vec3.new(0.63921570777893, 0.63529413938522, 0.64705884456635)};
  {vec3.new(88.105010986328, 2.6649861335754, 25.545007705688), mat3.new(-5.4985284805298e-06, -0.49997454881668, 0.86604011058807, 1.0000001192093, -2.0623207092285e-05, -5.4985284805298e-06, 2.0623207092285e-05, 0.86604017019272, 0.49997454881668), vec3.new(0.25, 0.44999998807907, 0.25), vec3.new(0.63921570777893, 0.63529413938522, 0.64705884456635)};
  {vec3.new(87.71501159668, 2.6649861335754, 25.705007553101), mat3.new(0, 0, 1, 1, 0, -0, -0, 1, 0), vec3.new(0.25, 0.44999998807907, 0.25), vec3.new(0.63921570777893, 0.63529413938522, 0.64705884456635)};
  {vec3.new(95.028701782227, 2.6649861335754, 10.058654785156), mat3.new(-5.4985284805298e-06, 0.49997454881668, 0.86604011058807, -1.0000001192093, -2.0623207092285e-05, 5.4985284805298e-06, 2.0623207092285e-05, -0.86604017019272, 0.49997454881668), vec3.new(0.25, 0.44999998807907, 0.25), vec3.new(0.63921570777893, 0.63529413938522, 0.64705884456635)};
  {vec3.new(88.564270019531, 2.6649861335754, 2.1927223205566), mat3.new(1.71959400177e-05, -0.96591234207153, 0.25886940956116, 1, 2.2411346435547e-05, 1.71959400177e-05, -2.2411346435547e-05, 0.25886940956116, 0.96591234207153), vec3.new(0.25, 0.44999998807907, 0.25), vec3.new(0.63921570777893, 0.63529413938522, 0.64705884456635)};
  {vec3.new(95.224311828613, 2.7650065422058, 10.228143692017), mat3.new(0, 0, 1, 0, 1, -0, -1, -0, 0), vec3.new(0.25, 0.44999998807907, 0.25), vec3.new(0.63921570777893, 0.63529413938522, 0.64705884456635)};
  {vec3.new(69.271087646484, 2.7650060653687, 22.321897506714), mat3.new(0, 0, 1, 0, 1, -0, -1, -0, 0), vec3.new(0.25, 0.44999998807907, 0.25), vec3.new(0.63921570777893, 0.63529413938522, 0.64705884456635)};
  {vec3.new(93.204986572266, 2.6649861335754, 30.424993515015), mat3.new(1.71959400177e-05, 0.96591234207153, 0.25886940956116, -1, 2.2411346435547e-05, -1.71959400177e-05, -2.2411346435547e-05, -0.25886940956116, 0.96591234207153), vec3.new(0.25, 0.44999998807907, 0.25), vec3.new(0.63921570777893, 0.63529413938522, 0.64705884456635)};
  {vec3.new(62.405014038086, 2.6649861335754, 20.605007171631), mat3.new(-1.6689300537109e-06, 0.25877019762993, 0.9659389257431, 0.99999994039536, 1.2755393981934e-05, -1.6689300537109e-06, -1.2755393981934e-05, 0.96593886613846, -0.25877019762993), vec3.new(0.25, 0.44999998807907, 0.25), vec3.new(0.63921570777893, 0.63529413938522, 0.64705884456635)};
  {vec3.new(69.899963378906, 2.6649861335754, 22.87123298645), mat3.new(-0.49997454881668, -0.86604005098343, -2.0623207092285e-05, -5.5283308029175e-06, -2.0623207092285e-05, 0.99999994039536, -0.86604011058807, 0.49997454881668, 5.5283308029175e-06), vec3.new(0.25, 0.44999998807907, 0.25), vec3.new(0.63921570777893, 0.63529413938522, 0.64705884456635)};
  {vec3.new(68.614990234375, 2.7650060653687, 20.316036224365), mat3.new(0, 0, 1, 0, 1, -0, -1, -0, 0), vec3.new(0.25, 0.44999998807907, 0.25), vec3.new(0.63921570777893, 0.63529413938522, 0.64705884456635)};
  {vec3.new(42.884719848633, 2.7650060653687, 25.703462600708), mat3.new(0, 0, 1, 0, 1, -0, -1, -0, 0), vec3.new(0.25, 0.44999998807907, 0.25), vec3.new(0.63921570777893, 0.63529413938522, 0.64705884456635)};
  {vec3.new(89.364990234375, 3.0399813652039, -14.635013580322), mat3.new(0, 0, 1, 0, 1, -0, -1, -0, 0), vec3.new(0.25, 1, 0.25), vec3.new(0.6235294342041, 0.63137257099152, 0.6745098233223)};
  {vec3.new(89.764984130859, 3.0399813652039, -14.635013580322), mat3.new(0, 0, 1, 0, 1, -0, -1, -0, 0), vec3.new(0.25, 1, 0.25), vec3.new(0.6235294342041, 0.63137257099152, 0.6745098233223)};
  {vec3.new(68.894989013672, 3.0399813652039, 20.414985656738), mat3.new(0, 0, 1, 0, 1, -0, -1, -0, 0), vec3.new(0.25, 1, 0.25), vec3.new(0.10588235408068, 0.16470588743687, 0.20784313976765)};
  {vec3.new(68.314987182617, 3.0399808883667, 20.374984741211), mat3.new(0, 0, 1, 0, 1, -0, -1, -0, 0), vec3.new(0.25, 1, 0.25), vec3.new(0.10588235408068, 0.16470588743687, 0.20784313976765)};
  {vec3.new(43.044982910156, 3.0399808883667, 25.334985733032), mat3.new(0, 0, 1, 0, 1, -0, -1, -0, 0), vec3.new(0.25, 1, 0.25), vec3.new(0.6235294342041, 0.63137257099152, 0.6745098233223)};
  };
  Part = {
